1547	2
1545	5
1543	7
1542	9
1541	11
1540	14
1540	16
1540	18
1539	20
1540	23
1540	25
1541	27
1542	30
1541	32
1539	34
1537	36
1537	39
1536	41
1536	44
1537	47
1537	49
1536	51
1535	53
1534	56
1533	58
1534	60
1535	63
1536	65
1537	67
1538	70
1538	72
1539	74
1538	76
1537	79
1536	81
1537	83
1538	87
1537	89
1536	91
1537	93
1539	96
1540	98
1541	100
1542	103
1543	105
1539	107
1537	110
1536	112
1536	114
1535	117
1534	119
1533	121
1532	124
1530	126
1527	129
1526	132
1527	134
1529	136
1532	139
1534	141
1533	144
1531	146
1530	148
1529	151
1528	153
1529	155
1531	158
1531	160
1528	162
1527	165
1528	167
1529	169
1527	173
1525	175
1524	177
1524	180
1525	182
1525	184
1526	187
1527	189
1527	191
1527	194
1524	196
1523	198
1522	201
1522	203
1523	205
1524	208
1523	210
1524	214
1522	216
1522	218
1523	221
1525	223
1529	225
1531	228
1532	230
1532	232
1531	235
1530	237
1528	239
1527	242
1526	244
1526	246
1528	249
1530	251
1531	253
1531	257
1530	259
1527	261
1525	264
1523	266
1523	268
1522	271
1523	273
1525	275
1527	278
1527	280
1527	283
1525	285
1524	287
1524	290
1524	292
1523	294
1523	297
1524	300
1526	302
1527	305
1526	307
1526	309
1527	312
1527	314
1525	316
1522	319
1522	321
1522	323
1522	326
1523	328
1524	330
1525	333
1526	335
1528	337
1531	340
1531	343
1529	345
1528	348
1527	350
1527	353
1529	355
1531	357
1532	360
1530	362
1530	364
1530	367
1532	369
1533	371
1533	374
1532	376
1531	378
1530	381
1529	384
1528	386
1527	389
1526	391
1526	393
1526	396
1528	398
1530	400
1532	403
1532	405
1531	407
1530	410
1531	412
1532	414
1534	417
1535	419
1534	422
1531	424
1529	427
1528	430
1528	432
1527	434
1527	437
1528	439
1530	441
1531	444
1531	446
1530	448
1530	451
1529	453
1528	455
1529	458
1531	460
1533	462
1534	465
1534	467
1532	470
1532	473
1532	475
1532	477
1533	480
1535	482
1537	484
1538	487
1535	489
1532	492
1531	494
1530	496
1530	499
1530	501
1530	503
1530	506
1532	508
1534	510
1538	514
1538	516
1537	518
1535	521
1534	523
1535	525
1538	528
1541	530
1541	532
1542	535
1540	537
1538	539
1537	542
1536	544
1535	546
1533	549
1532	551
1532	553
1535	557
1537	559
1538	561
1536	564
1532	566
1531	569
1531	571
1531	573
1532	576
1533	578
1534	580
1534	583
1534	585
1534	587
1534	590
1534	592
1534	594
1533	598
1535	600
1536	602
1536	605
1535	607
1535	609
1535	612
1534	614
1535	616
1536	619
1537	621
1537	623
1539	626
1540	628
1542	631
1542	633
1542	635
1538	638
1535	641
1533	643
1532	646
1532	648
1531	650
1531	653
1532	655
1532	657
1532	660
1532	662
1532	664
1531	667
1530	669
1530	671
1530	674
1530	676
1531	678
1532	681
1532	684
1533	686
1534	689
1536	691
1540	693
1540	696
1539	698
1536	701
1534	703
1532	705
1530	708
1531	710
1532	712
1533	715
1532	717
1532	719
1531	722
1530	724
1530	727
1530	730
1530	732
1530	734
1531	737
1530	739
1531	741
1533	744
1536	746
1537	748
1537	751
1535	753
1534	755
1533	758
1532	760
1531	762
1529	765
1528	768
1528	771
1528	773
1528	775
1528	778
1527	780
1526	782
1526	785
1526	787
1527	789
1528	792
1528	794
1528	796
1529	799
1531	801
1532	803
1531	806
1530	808
1530	811
1530	814
1530	816
1528	818
1527	821
1527	823
1527	825
1527	828
1528	830
1528	832
1528	835
1528	837
1529	840
1532	842
1534	844
1537	847
1539	849
1538	851
1535	855
1531	857
1530	859
1530	862
1531	864
1531	866
1531	869
1531	871
1531	873
1530	876
1529	878
1529	880
1528	883
1528	885
1529	887
1530	890
1531	892
1532	894
1532	898
1532	900
1530	902
1529	905
1530	907
1530	910
1530	912
1529	914
1529	917
1530	919
1533	921
1535	924
1535	926
1533	928
1532	931
1531	933
1531	935
1532	939
1532	941
1534	943
1533	946
1531	948
1531	950
1530	953
1530	955
1530	957
1532	960
1533	962
1534	964
1534	967
1534	969
1532	971
1530	974
1529	976
1529	979
1530	982
1531	984
1532	987
1534	989
1533	991
1533	994
1532	996
1531	998
1530	1001
1530	1003
1530	1005
1531	1008
1531	1010
1532	1013
1531	1015
1529	1017
1529	1020
1532	1022
1534	1026
1534	1028
1532	1030
1533	1033
1532	1035
1531	1038
1530	1040
1530	1042
1528	1045
1528	1047
1527	1049
1527	1052
1528	1054
1530	1057
1530	1059
1531	1061
1531	1064
1531	1067
1529	1070
1528	1072
1527	1074
1527	1077
1526	1079
1526	1082
1526	1084
1527	1086
1528	1089
1528	1091
1529	1094
1529	1096
1528	1098
1528	1101
1528	1103
1528	1106
1528	1108
1529	1111
1532	1114
1536	1116
1538	1119
1539	1121
1537	1123
1534	1126
1531	1128
1531	1130
1531	1133
1531	1135
1531	1138
1531	1140
1530	1142
1529	1145
1529	1147
1529	1150
1530	1153
1533	1155
1534	1158
1532	1160
1531	1163
1530	1165
1529	1167
1528	1170
1528	1172
1526	1175
1526	1177
1525	1179
1525	1182
1524	1184
1524	1187
1524	1189
1525	1191
1526	1195
1526	1197
1527	1200
1527	1202
1528	1204
1528	1207
1532	1209
1538	1211
1543	1214
1542	1216
1536	1219
1532	1221
1529	1223
1528	1226
1527	1228
1528	1231
1530	1233
1531	1235
1531	1239
1531	1241
1529	1244
1528	1246
1527	1248
1526	1251
1525	1253
1525	1256
1524	1258
1524	1260
1525	1263
1526	1265
1526	1268
1527	1270
1527	1272
1528	1275
1528	1277
1529	1281
1530	1283
1530	1285
1529	1288
1528	1290
1528	1292
1528	1295
1528	1297
1527	1300
1527	1302
1529	1304
1531	1307
1532	1309
1531	1312
1530	1314
1528	1316
1528	1319
1530	1321
1531	1325
1531	1327
1530	1329
1530	1332
1530	1334
1532	1337
1531	1339
1530	1341
1529	1344
1528	1346
1527	1349
1525	1351
1525	1353
1526	1356
1526	1358
1527	1361
1526	1363
1527	1366
1527	1369
1527	1371
1527	1373
1527	1376
1527	1378
1528	1381
1528	1383
1527	1385
1527	1388
1527	1390
1526	1393
1525	1395
1524	1397
1524	1400
1524	1402
1525	1405
1526	1408
1527	1410
1528	1413
1530	1415
1530	1418
1529	1420
1530	1422
1530	1425
1531	1427
1532	1430
1533	1432
1532	1434
1531	1437
1530	1439
1529	1442
1528	1444
1529	1446
1528	1449
1527	1452
1526	1454
1526	1457
1527	1459
1528	1462
1528	1464
1528	1466
1528	1469
1528	1471
1528	1474
1530	1476
1532	1478
1535	1481
1536	1483
1535	1486
1533	1488
1530	1490
1529	1494
1528	1496
1529	1499
1529	1501
1529	1503
1529	1506
1531	1508
1533	1511
1533	1513
1533	1515
1533	1518
1533	1520
1532	1523
1532	1525
1532	1527
1533	1530
1532	1532
1533	1534
1533	1538
1533	1540
1531	1543
1530	1545
1529	1547
1528	1550
1529	1552
1529	1555
1531	1557
1531	1559
1530	1562
1529	1564
1527	1567
1527	1569
1527	1571
1527	1574
1526	1576
1526	1580
1526	1582
1526	1584
1525	1587
1525	1589
1526	1592
1528	1594
1532	1596
1535	1599
1534	1601
1531	1604
1528	1606
1526	1608
1526	1611
1526	1613
1527	1615
1529	1618
1531	1620
1532	1624
1533	1626
1534	1628
1533	1631
1531	1633
1529	1636
1527	1638
1527	1640
1527	1643
1528	1645
1528	1648
1529	1650
1531	1652
1534	1655
1534	1657
1532	1660
1531	1662
1529	1665
1528	1668
1527	1670
1527	1673
1527	1675
1527	1677
1528	1680
1528	1682
1527	1684
1527	1687
1527	1689
1526	1692
1525	1694
1526	1696
1526	1699
1527	1701
1528	1704
1531	1707
1532	1709
1537	1712
1539	1714
1537	1717
1535	1719
1532	1721
1530	1724
1529	1726
1529	1729
1531	1731
1533	1733
1533	1736
1533	1738
1530	1741
1528	1743
1527	1745
1527	1748
1527	1751
1528	1754
1529	1756
1530	1758
1529	1761
1528	1763
1528	1765
1528	1768
1528	1770
1529	1773
1528	1775
1528	1777
1530	1780
1530	1782
1530	1785
1530	1787
1530	1789
1529	1793
1527	1795
1526	1798
1525	1800
1525	1802
1526	1805
1528	1807
1529	1810
1530	1812
1529	1814
1529	1817
1529	1819
1529	1822
1529	1824
1530	1826
1530	1829
1531	1831
1531	1835
1530	1837
1530	1839
1531	1842
1533	1844
1534	1846
1534	1849
1534	1851
1533	1854
1532	1856
1532	1858
1532	1861
1532	1863
1533	1866
1533	1868
1532	1870
1532	1873
1531	1875
1529	1879
1529	1881
1528	1883
1528	1886
1530	1888
1533	1891
1534	1893
1535	1895
1532	1898
1529	1900
1528	1903
1527	1905
1527	1907
1528	1910
1529	1912
1530	1915
1528	1917
1527	1920
1527	1923
1529	1925
1531	1927
1534	1930
1535	1932
1534	1935
1532	1937
1532	1939
1533	1942
1534	1944
1534	1947
1532	1949
1530	1951
1530	1954
1530	1956
1530	1959
1530	1961
1531	1964
1532	1967
1533	1969
1533	1972
1533	1974
1532	1976
1530	1979
1529	1981
1529	1984
1530	1986
1532	1988
1535	1991
1537	1993
1537	1996
1533	1998
1531	2000
1529	2003
1528	2006
1528	2008
1528	2011
1529	2013
1529	2016
1528	2018
1527	2020
1527	2023
1527	2025
1528	2028
1529	2030
1529	2032
1529	2035
1530	2037
1529	2040
1529	2042
1529	2044
1530	2048
1531	2050
1533	2053
1534	2055
1534	2057
1535	2060
1535	2062
1534	2065
1532	2067
1531	2069
1533	2072
1535	2074
1537	2077
1537	2079
1539	2081
1539	2084
1536	2086
1533	2088
1531	2092
1529	2094
1528	2097
1528	2099
1529	2101
1534	2104
1537	2106
1539	2109
1536	2111
1532	2113
1529	2116
1526	2118
1525	2121
1525	2123
1524	2125
1525	2128
1526	2130
1528	2134
1529	2136
1531	2138
1532	2141
1530	2143
1530	2146
1530	2148
1533	2150
1538	2153
1539	2155
1536	2158
1532	2160
1530	2162
1528	2165
1527	2167
1528	2169
1530	2172
1530	2174
1529	2178
1530	2180
1531	2182
1533	2185
1533	2187
1532	2190
1531	2192
1529	2194
1528	2197
1527	2199
1527	2202
1527	2204
1530	2206
1534	2209
1537	2211
1538	2214
1537	2216
1535	2219
1535	2222
1534	2224
1533	2227
1532	2229
1532	2231
1532	2234
1532	2236
1533	2239
1533	2241
1536	2243
1541	2246
1547	2248
1547	2250
1543	2253
1540	2255
1537	2258
1534	2260
1530	2263
1528	2266
1527	2268
1526	2271
1528	2273
1528	2275
1528	2278
1527	2280
1525	2283
1520	2285
1512	2287
1509	2290
1507	2292
1507	2295
1509	2297
1512	2299
1518	2302
1519	2305
1517	2308
1514	2310
1516	2312
1526	2315
1543	2317
1552	2320
1557	2322
1559	2324
1555	2327
1551	2329
1552	2331
1555	2334
1558	2336
1557	2339
1555	2341
1554	2343
1552	2347
1548	2349
1541	2352
1532	2354
1523	2356
1521	2359
1520	2361
1516	2364
1513	2366
1510	2368
1510	2371
1507	2373
1504	2376
1501	2378
1501	2380
1500	2383
1499	2385
1497	2388
1501	2391
1505	2393
1515	2396
1536	2398
1542	2401
1533	2403
1530	2405
1524	2408
1519	2410
1519	2412
1521	2415
1531	2417
1534	2420
1530	2422
1525	2424
1524	2427
1528	2429
1533	2433
1538	2435
1535	2437
1531	2440
1530	2442
1527	2445
1530	2447
1535	2449
1540	2452
1540	2454
1546	2457
1549	2459
1552	2461
1552	2464
1549	2466
1552	2469
1558	2471
1561	2473
1565	2477
1566	2479
1568	2482
1572	2484
1578	2486
1585	2489
1588	2491
1585	2493
1581	2496
1584	2498
1589	2501
1595	2503
1601	2505
1597	2508
1595	2510
1591	2513
1584	2515
1578	2518
1570	2521
1565	2523
1564	2526
1570	2528
1572	2530
1568	2533
1557	2535
1555	2538
1558	2540
1558	2542
1554	2545
1554	2547
1553	2550
1550	2552
1554	2554
1560	2557
1568	2560
1580	2563
1572	2565
1557	2567
1546	2570
1532	2572
1517	2574
1514	2577
1518	2579
1521	2582
1518	2584
1517	2586
1520	2589
1524	2591
1518	2594
1511	2596
1500	2598
1489	2601
1485	2604
1479	2607
1474	2609
1465	2611
1458	2614
1455	2616
1453	2619
1448	2621
1441	2623
1436	2626
1439	2628
1452	2631
1458	2633
1450	2635
1446	2638
1434	2640
1429	2643
1427	2646
1425	2648
1423	2651
1425	2653
1432	2655
1437	2658
1436	2660
1443	2663
1446	2665
1447	2667
1462	2670
1484	2672
1503	2675
1520	2677
1522	2679
1501	2682
1484	2684
1474	2688
1479	2690
1493	2692
1498	2695
1486	2697
1477	2700
1485	2702
1488	2704
1485	2707
1494	2709
1505	2712
1507	2714
1499	2716
1500	2719
1508	2721
1515	2723
1523	2726
1531	2728
1531	2732
1527	2734
1518	2736
1509	2739
1512	2741
1523	2744
1534	2746
1550	2748
1561	2751
1566	2753
1579	2756
1583	2758
1581	2760
1585	2763
1599	2765
1603	2768
1608	2770
1604	2772
1615	2776
1621	2778
1625	2781
1610	2783
1601	2785
1596	2788
1596	2790
1599	2793
1595	2795
1600	2797
1624	2800
1636	2802
1645	2804
1657	2807
1656	2809
1654	2812
1642	2814
1633	2817
1638	2820
1640	2822
1637	2825
1637	2827
1636	2829
1634	2832
1621	2834
1606	2837
1598	2839
1596	2841
1600	2844
1604	2846
1606	2849
1611	2851
1625	2853
1621	2856
1616	2859
1613	2862
1627	2864
1659	2866
1676	2869
1679	2871
1668	2874
1656	2876
1648	2878
1644	2881
1628	2883
1620	2885
1620	2888
1628	2890
1630	2893
1622	2895
1612	2897
1601	2900
1599	2903
1605	2906
1608	2908
1598	2910
1599	2913
1602	2915
1603	2918
1606	2920
1610	2922
1606	2925
1601	2927
1598	2930
1595	2932
1584	2934
1576	2937
1585	2939
1603	2942
1621	2945
1631	2947
1639	2950
1645	2952
1646	2955
1643	2957
1630	2959
1615	2962
1597	2964
1591	2966
1595	2969
1593	2971
1568	2974
1551	2976
1544	2978
1549	2981
1555	2983
1561	2987
1566	2989
1560	2991
1556	2994
1564	2996
1569	2999
1562	3001
1557	3003
1550	3006
1532	3008
1528	3011
1537	3013
1545	3015
1550	3018
1548	3020
1533	3023
1522	3025
1519	3027
1525	3031
1536	3033
1551	3036
1560	3038
1572	3040
1577	3043
1570	3045
1561	3047
1556	3050
1555	3052
1558	3055
1557	3057
1557	3059
1554	3062
1553	3064
1550	3067
1552	3069
1552	3072
1547	3075
1547	3077
1553	3080
1567	3082
1587	3084
1585	3087
1570	3089
1565	3092
1555	3094
1551	3096
1546	3099
1543	3101
1551	3104
1561	3106
1555	3108
1544	3111
1543	3113
1560	3117
1557	3119
1557	3121
1541	3124
1540	3126
1543	3128
1533	3131
1525	3133
1518	3136
1508	3138
1508	3140
1516	3143
1514	3145
1515	3148
1515	3150
1515	3152
1527	3155
1559	3158
1585	3161
1599	3163
1592	3165
1580	3168
1568	3170
1571	3173
1571	3175
1580	3177
1582	3180
1572	3182
1557	3185
1550	3187
1558	3189
1580	3192
1590	3194
1576	3197
1564	3200
1548	3202
1542	3205
1540	3207
1537	3210
1534	3212
1532	3214
1524	3217
1525	3219
1513	3221
1495	3224
1491	3226
1498	3229
1512	3231
1528	3233
1537	3236
1544	3238
1531	3241
1506	3244
1501	3246
1501	3249
1509	3251
1523	3254
1528	3256
1529	3258
1533	3261
1534	3263
1538	3266
1545	3268
1552	3270
1532	3273
1526	3275
1520	3278
1510	3280
1508	3282
1516	3286
1527	3288
1540	3291
1557	3293
1557	3295
1543	3298
1531	3300
1522	3302
1521	3305
1535	3307
1555	3310
1565	3312
1556	3314
1525	3317
1507	3319
1498	3322
1494	3324
1492	3326
1487	3330
1488	3332
1492	3335
1493	3337
1494	3339
1488	3342
1484	3344
1493	3347
1517	3349
1541	3351
1545	3354
1528	3356
1519	3359
1514	3361
1505	3363
1498	3366
1492	3368
1491	3372
1493	3374
1503	3376
1500	3379
1491	3381
1491	3384
1492	3386
1508	3388
1531	3391
1536	3393
1543	3395
1542	3398
1548	3400
1547	3403
1533	3405
1532	3407
1534	3410
1531	3412
1533	3416
1532	3418
1528	3420
1517	3423
1505	3425
1505	3428
1506	3430
1505	3432
1515	3435
1517	3437
1515	3440
1511	3442
1507	3444
1509	3447
1511	3449
1516	3452
1514	3454
1506	3457
1496	3460
1488	3462
1489	3465
1493	3467
1499	3469
1505	3472
1502	3474
1513	3476
1518	3479
1518	3481
1519	3484
1520	3486
1524	3488
1523	3491
1518	3493
1523	3496
1520	3499
1518	3501
1519	3504
1513	3506
1503	3509
1486	3511
1486	3513
1487	3516
1488	3518
1499	3521
1522	3523
1533	3525
1526	3528
1527	3530
1518	3533
1512	3535
1507	3537
1519	3540
1547	3543
1553	3546
1538	3548
1535	3550
1537	3553
1537	3555
1534	3558
1525	3560
1515	3562
1506	3565
1505	3567
1505	3569
1496	3572
1485	3574
1486	3577
1494	3579
1503	3581
1511	3585
1512	3587
1507	3590
1492	3592
1480	3594
1481	3597
1483	3599
1484	3602
1490	3604
1498	3606
1511	3609
1505	3611
1500	3614
1496	3616
1479	3618
1470	3621
1472	3623
1487	3627
1501	3629
1497	3631
1488	3634
1476	3636
1472	3639
1474	3641
1483	3643
1498	3646
1516	3648
1534	3650
1516	3653
1492	3655
1478	3658
1479	3660
1487	3662
1495	3665
1500	3667
1503	3671
1496	3673
1475	3675
1465	3678
1470	3680
1479	3683
1480	3685
1482	3687
1493	3690
1503	3692
1513	3695
1519	3697
1506	3699
1494	3702
1473	3704
1463	3707
1479	3709
1485	3712
1484	3715
1495	3717
1499	3720
1496	3722
1483	3724
1473	3727
1480	3729
1479	3731
1476	3734
1475	3736
1490	3739
1512	3741
1528	3743
1526	3746
1517	3748
1506	3751
1508	3753
1518	3756
1526	3759
1525	3761
1536	3764
1540	3766
1517	3768
1494	3771
1484	3773
1488	3776
1482	3778
1484	3780
1486	3783
1483	3785
1481	3788
1481	3790
1486	3792
1502	3795
1517	3798
1517	3801
1499	3803
1499	3805
1518	3808
1532	3810
1529	3812
1515	3815
1497	3817
1491	3820
1501	3822
1503	3824
1498	3827
1499	3829
1499	3832
1509	3834
1514	3836
1516	3840
1533	3842
1542	3845
1538	3847
1530	3849
1521	3852
1520	3854
1519	3857
1517	3859
1506	3861
1503	3864
1506	3866
1507	3869
1509	3871
1502	3873
1494	3876
1493	3878
1501	3881
1522	3884
1533	3886
1536	3889
1540	3891
1552	3893
1546	3896
1533	3898
1517	3901
1505	3903
1505	3905
1505	3908
1509	3910
1522	3913
1531	3915
1541	3917
1547	3920
1543	3922
1537	3926
1522	3928
1525	3930
1534	3933
1547	3935
1551	3938
1549	3940
1549	3942
1547	3945
1534	3947
1539	3950
1549	3952
1551	3954
1550	3957
1560	3959
1566	3962
1560	3964
1548	3966
1543	3970
1540	3972
1548	3974
1562	3977
1566	3979
1552	3982
1550	3984
1552	3986
1557	3989
1552	3991
1551	3994
1538	3996
1525	3998
1519	4001
1510	4003
1503	4006
1506	4008
1505	4011
1508	4014
1508	4016
1509	4019
1513	4021
1523	4023
1523	4026
1532	4028
1553	4031
1583	4033
1584	4035
1563	4038
1544	4040
1526	4043
1509	4045
1511	4047
1527	4050
1541	4052
1545	4055
1540	4058
1530	4060
1514	4063
1505	4065
1497	4067
1488	4070
1504	4072
1544	4075
1552	4077
1538	4079
1530	4082
1524	4084
1530	4087
1539	4089
1537	4091
1539	4094
1563	4097
1591	4100
1608	4102
1585	4104
1553	4107
1539	4109
1518	4112
1503	4114
1500	4116
1503	4119
1522	4121
1551	4124
1561	4126
1547	4128
1525	4131
1514	4133
1527	4135
1549	4139
1550	4141
1544	4144
1539	4146
1518	4148
1508	4151
1531	4153
1568	4156
1559	4158
1533	4160
1509	4163
1497	4165
1485	4168
1485	4170
1506	4172
1522	4175
1529	4177
1540	4180
1521	4183
1506	4185
1494	4188
1500	4190
1521	4193
1533	4195
1537	4197
1526	4200
1510	4202
1499	4205
1498	4207
1513	4209
1510	4212
1491	4214
1486	4216
1480	4219
1480	4221
1491	4225
1513	4227
1539	4229
1554	4232
1560	4234
1558	4237
1530	4239
1515	4241
1508	4244
1499	4246
1500	4249
1510	4251
1511	4253
1522	4256
1522	4258
1531	4261
1539	4263
1522	4265
1515	4269
1516	4271
1519	4274
1509	4276
1495	4278
1495	4281
1505	4283
1525	4286
1534	4288
1528	4290
1517	4293
1515	4295
1507	4298
1483	4300
1477	4302
1486	4305
1513	4307
1545	4310
1566	4313
1575	4315
1556	4318
1532	4320
1520	4322
1514	4325
1516	4327
1528	4330
1539	4332
1548	4334
1523	4337
1505	4339
1498	4342
1492	4344
1501	4346
1514	4349
1517	4352
1513	4355
1509	4357
1499	4359
1479	4362
1471	4364
1473	4367
1474	4369
1480	4371
1500	4374
1527	4376
1542	4379
1542	4381
1545	4383
1543	4386
1538	4388
1525	4390
1518	4393
1542	4396
1559	4399
1552	4401
1527	4403
1514	4406
1508	4408
1509	4411
1516	4413
1520	4415
1530	4418
1530	4420
1518	4423
1517	4425
1527	4427
1532	4430
1516	4432
1500	4435
1504	4438
1523	4440
1539	4443
1530	4445
1512	4448
1492	4450
1477	4452
1474	4455
1473	4457
1480	4460
1490	4462
1517	4464
1547	4467
1563	4469
1559	4471
1577	4474
1585	4476
1569	4480
1540	4482
1517	4484
1512	4487
1513	4489
1508	4492
1502	4494
1508	4496
1528	4499
1546	4501
1546	4504
1551	4506
1561	4508
1540	4511
1509	4513
1498	4516
1484	4518
1481	4520
1519	4524
1536	4526
1539	4529
1522	4531
1501	4533
1489	4536
1485	4538
1481	4541
1481	4543
1481	4545
1477	4548
1487	4550
1498	4552
1489	4555
1491	4557
1488	4560
1498	4562
1525	4564
1534	4568
1539	4570
1541	4573
1542	4575
1535	4577
1541	4580
1551	4582
1532	4585
1505	4587
1484	4589
1474	4592
1470	4594
1479	4597
1481	4599
1476	4601
1488	4604
1504	4606
1505	4610
1503	4612
1497	4614
1511	4617
1520	4619
1518	4622
1511	4624
1507	4626
1504	4629
1505	4631
1505	4634
1499	4636
1491	4638
1491	4641
1514	4643
1528	4645
1512	4648
1501	4651
1497	4654
1511	4656
1520	4658
1521	4661
1514	4663
1514	4666
1520	4668
1514	4670
1520	4673
1526	4675
1512	4678
1511	4680
1517	4682
1509	4685
1502	4687
1491	4690
1493	4692
1498	4695
1490	4698
1477	4700
1468	4703
1490	4705
1516	4707
1528	4710
1534	4712
1518	4715
1501	4717
1486	4719
1488	4722
1509	4724
1513	4726
1508	4729
1491	4731
1482	4734
1485	4737
1495	4739
1500	4742
1503	4744
1520	4747
1536	4749
1533	4751
1508	4754
1494	4756
1492	4759
1498	4761
1507	4763
1512	4766
1536	4768
1556	4771
1547	4773
1528	4775
1502	4779
1493	4781
1492	4784
1481	4786
1470	4788
1480	4791
1493	4793
1486	4796
1484	4798
1492	4800
1500	4803
1496	4805
1490	4808
1501	4810
1518	4812
1539	4815
1551	4817
1516	4819
1501	4823
1499	4825
1500	4828
1498	4830
1489	4832
1489	4835
1500	4837
1517	4840
1531	4842
1537	4844
1535	4847
1509	4849
1487	4852
1481	4854
1478	4856
1483	4859
1490	4861
1482	4865
1471	4867
1483	4869
1504	4872
1519	4874
1509	4877
1502	4879
1510	4881
1525	4884
1538	4886
1533	4888
1504	4891
1487	4893
1479	4896
1478	4898
1478	4900
1489	4903
1518	4905
1527	4909
1525	4911
1516	4913
1499	4916
1495	4918
1501	4921
1505	4923
1503	4925
1511	4928
1518	4930
1519	4933
1508	4935
1502	4937
1496	4940
1479	4942
1477	4945
1484	4947
1493	4950
1511	4953
1516	4955
1522	4957
1527	4960
1523	4962
1514	4965
1520	4967
1530	4969
1532	4972
1531	4974
1531	4977
1532	4979
1532	4981
1537	4984
1531	4986
1524	4989
1531	4992
1531	4994
1521	4997
1508	4999
1488	5002
1490	5004
1496	5006
1493	5009
1516	5011
1541	5014
1529	5016
1512	5018
1496	5021
1498	5023
1494	5026
1494	5028
1500	5030
1514	5033
1541	5036
1544	5038
1538	5041
1529	5043
1528	5046
1533	5048
1528	5050
1504	5053
1499	5055
1515	5058
1548	5060
1550	5062
1531	5065
1528	5067
1520	5070
1520	5072
1527	5074
1516	5078
1505	5080
1502	5083
1500	5085
1506	5087
1510	5090
1517	5092
1529	5095
1533	5097
1541	5099
1562	5102
1572	5104
1572	5107
1568	5109
1556	5111
1542	5114
1525	5116
1512	5120
1499	5122
1497	5124
1503	5127
1509	5129
1527	5131
1542	5134
1548	5136
1533	5139
1512	5141
1500	5143
1497	5146
1507	5148
1533	5151
1549	5153
1554	5155
1560	5158
1556	5160
1550	5164
1545	5166
1536	5168
1526	5171
1531	5173
1551	5176
1567	5178
1581	5180
1582	5183
1570	5185
1546	5188
1530	5190
1521	5192
1516	5195
1517	5197
1514	5200
1518	5202
1526	5204
1517	5208
1519	5210
1530	5212
1525	5215
1524	5217
1526	5220
1530	5222
1544	5224
1547	5227
1538	5229
1521	5232
1517	5234
1519	5236
1527	5239
1525	5241
1528	5244
1529	5246
1525	5249
1523	5252
1521	5254
1511	5257
1520	5259
1545	5261
1554	5264
1550	5266
1558	5269
1561	5271
1557	5273
1551	5276
1542	5278
1525	5281
1519	5283
1516	5285
1510	5288
1509	5291
1515	5293
1522	5296
1527	5298
1524	5301
1506	5303
1495	5305
1487	5308
1489	5310
1507	5313
1518	5315
1518	5317
1517	5320
1515	5322
1502	5325
1502	5327
1519	5329
1530	5332
1528	5335
1520	5338
1514	5340
1514	5342
1539	5345
1559	5347
1544	5350
1518	5352
1511	5354
1509	5357
1515	5359
1521	5362
1516	5364
1517	5366
1522	5369
1535	5371
1544	5374
1539	5377
1531	5379
1526	5382
1532	5384
1542	5386
1543	5389
1554	5391
1566	5394
1554	5396
1534	5398
1520	5401
1524	5403
1535	5406
1552	5408
1549	5410
1539	5413
1536	5415
1554	5419
1580	5421
1596	5423
1584	5426
1556	5428
1533	5431
1531	5433
1528	5435
1539	5438
1554	5440
1551	5443
1551	5445
1544	5447
1530	5450
1524	5452
1532	5455
1552	5457
1563	5459
1547	5463
1536	5465
1527	5467
1524	5470
1530	5472
1539	5475
1550	5477
1549	5479
1546	5482
1553	5484
1570	5487
1594	5489
1585	5491
1570	5494
1560	5496
1571	5499
1573	5501
1558	5504
1543	5507
1537	5509
1540	5512
1545	5514
1559	5516
1570	5519
1570	5521
1563	5524
1558	5526
1562	5528
1567	5531
1557	5533
1557	5536
1568	5538
1554	5540
1536	5543
1530	5545
1536	5548
1552	5551
1551	5553
1528	5556
1528	5558
1521	5560
1520	5563
1512	5565
1508	5568
1506	5570
1506	5572
1524	5575
1548	5577
1550	5580
1527	5582
1514	5584
1514	5587
1517	5590
1523	5593
1524	5595
1536	5597
1549	5600
1546	5602
1533	5605
1512	5607
1495	5609
1486	5612
1488	5614
1502	5617
1513	5619
1532	5621
1536	5624
1525	5626
1524	5628
1528	5632
1535	5634
1531	5637
1515	5639
1494	5641
1483	5644
1479	5646
1482	5649
1488	5651
1497	5653
1501	5656
1505	5658
1508	5661
1507	5663
1506	5665
1504	5668
1507	5670
1522	5673
1526	5676
1523	5678
1529	5681
1538	5683
1528	5686
1512	5688
1492	5690
1483	5693
1485	5695
1498	5698
1522	5700
1540	5702
1542	5705
1525	5707
1532	5709
1538	5712
1525	5714
1504	5718
1485	5720
1482	5722
1484	5725
1484	5727
1487	5730
1492	5732
1489	5734
1491	5737
1491	5739
1495	5742
1497	5744
1513	5746
1544	5749
1534	5751
1519	5754
1506	5756
1495	5758
1498	5762
1505	5764
1517	5767
1543	5769
1545	5771
1532	5774
1513	5776
1508	5779
1513	5781
1510	5783
1505	5786
1497	5788
1499	5791
1504	5793
1509	5795
1514	5798
1514	5800
1512	5803
1499	5806
1482	5808
1469	5811
1465	5813
1464	5815
1473	5818
1496	5820
1523	5823
1549	5825
1555	5827
1514	5830
1493	5832
1478	5835
1476	5837
1479	5839
1486	5842
1498	5844
1508	5848
1513	5850
1514	5852
1508	5855
1503	5857
1498	5860
1491	5862
1490	5864
1479	5867
1474	5869
1478	5872
1479	5874
1487	5876
1487	5879
1489	5881
1492	5883
1491	5886
1492	5889
1496	5892
1491	5894
1513	5896
1539	5899
1547	5901
1525	5904
1502	5906
1495	5908
1498	5911
1509	5913
1518	5916
1519	5918
1518	5920
1524	5923
1525	5925
1520	5928
1517	5931
1515	5933
1508	5936
1508	5938
1512	5941
1519	5943
1518	5945
1514	5948
1518	5950
1538	5953
1566	5955
1567	5957
1552	5960
1541	5962
1561	5964
1586	5967
1594	5969
1577	5972
1548	5975
1527	5977
1513	5980
1503	5982
1502	5985
1505	5987
1504	5989
1502	5992
1510	5994
1524	5997
1538	5999
1533	6001
1526	6004
1517	6006
1524	6009
1531	6011
1529	6013
1531	6017
1537	6019
1547	6022
1556	6024
1554	6026
1552	6029
1548	6031
1535	6034
1527	6036
1535	6038
1553	6041
1560	6043
1565	6045
1568	6048
1574	6050
1564	6053
1545	6055
1533	6057
1528	6061
1531	6063
1537	6066
1542	6068
1542	6070
1533	6073
1530	6075
1534	6078
1527	6080
1526	6082
1517	6085
1505	6087
1503	6090
1511	6092
1527	6094
1538	6097
1543	6099
1539	6103
1535	6105
1523	6107
1524	6110
1529	6112
1537	6115
1547	6117
1536	6119
1530	6122
1534	6124
1544	6126
1556	6129
1564	6131
1583	6134
1582	6136
1565	6138
1554	6141
1540	6144
1527	6147
1518	6149
1514	6151
1515	6154
1512	6156
1517	6159
1522	6161
1522	6163
1528	6166
1550	6168
1564	6171
1555	6173
1548	6175
1534	6178
1535	6180
1558	6183
1573	6185
1574	6188
1565	6191
1548	6193
1539	6196
1526	6198
1526	6200
1537	6203
1542	6205
1536	6208
1521	6210
1509	6212
1511	6215
1523	6217
1538	6219
1557	6222
1561	6224
1538	6227
1514	6230
1505	6232
1512	6235
1523	6237
1528	6240
1520	6242
1498	6244
1487	6247
1479	6249
1486	6252
1501	6254
1509	6256
1520	6259
1508	6261
1505	6264
1510	6266
1520	6268
1525	6272
1520	6274
1531	6277
1536	6279
1528	6281
1517	6284
1517	6286
1525	6289
1529	6291
1520	6293
1515	6296
1505	6298
1494	6300
1511	6303
1531	6305
1547	6308
1541	6310
1531	6312
1514	6316
1491	6318
1484	6321
1490	6323
1501	6325
1521	6328
1546	6330
1543	6333
1522	6335
1506	6337
1500	6340
1497	6342
1500	6345
1507	6347
1501	6349
1498	6352
1495	6354
1503	6358
1517	6360
1515	6362
1500	6365
1488	6367
1483	6370
1491	6372
1514	6374
1546	6377
1544	6379
1520	6382
1506	6384
1507	6386
1514	6389
1511	6391
1506	6393
1501	6396
1510	6398
1520	6402
1542	6404
1552	6406
1543	6409
1511	6411
1498	6414
1495	6416
1497	6418
1501	6421
1503	6423
1508	6426
1523	6428
1532	6430
1528	6433
1519	6435
1517	6438
1514	6440
1514	6443
1522	6446
1524	6448
1514	6451
1506	6453
1496	6455
1493	6458
1502	6460
1505	6463
1513	6465
1514	6467
1508	6470
1496	6472
1495	6474
1511	6477
1528	6479
1529	6482
1524	6484
1521	6487
1508	6490
1501	6492
1514	6495
1531	6497
1536	6499
1536	6502
1515	6504
1492	6507
1487	6509
1487	6511
1486	6514
1482	6516
1494	6519
1524	6521
1532	6523
1524	6526
1521	6529
1519	6532
1531	6534
1555	6536
1544	6539
1524	6541
1508	6544
1511	6546
1522	6548
1534	6551
1543	6553
1530	6555
1522	6558
1506	6560
1489	6563
1483	6565
1487	6567
1505	6571
1514	6573
1509	6576
1511	6578
1509	6580
1498	6583
1497	6585
1507	6588
1511	6590
1510	6592
1499	6595
1499	6597
1515	6600
1526	6602
1530	6604
1523	6607
1526	6609
1525	6612
1524	6615
1526	6617
1534	6620
1524	6622
1514	6625
1509	6627
1502	6629
1495	6632
1497	6634
1493	6636
1480	6639
1477	6641
1474	6644
1476	6646
1497	6648
1533	6651
1556	6653
1562	6657
1545	6659
1521	6661
1515	6664
1512	6666
1512	6669
1503	6671
1497	6673
1497	6676
1505	6678
1511	6681
1512	6683
1512	6685
1505	6688
1508	6690
1525	6693
1546	6695
1566	6697
1576	6701
1571	6703
1562	6706
1556	6708
1545	6710
1546	6713
1538	6715
1516	6717
1509	6720
1508	6722
1504	6725
1504	6727
1503	6729
1510	6732
1522	6734
1522	6737
1511	6739
1505	6742
1503	6745
1518	6747
1548	6750
1548	6752
1537	6754
1522	6757
1515	6759
1514	6762
1505	6764
1503	6766
1524	6769
1553	6771
1569	6774
1549	6776
1543	6778
1558	6781
1562	6784
1540	6787
1523	6789
1511	6791
1509	6794
1511	6796
1519	6798
1545	6801
1568	6803
1550	6806
1526	6808
1512	6810
1519	6813
1541	6815
1561	6818
1579	6820
1570	6822
1555	6825
1547	6828
1533	6831
1519	6833
1508	6835
1515	6838
1527	6840
1534	6843
1535	6845
1531	6847
1518	6850
1510	6852
1511	6855
1527	6857
1553	6859
1552	6862
1539	6864
1524	6867
1500	6870
1494	6872
1503	6875
1522	6877
1546	6879
1551	6882
1552	6884
1547	6887
1542	6889
1536	6891
1525	6894
1519	6896
1523	6899
1535	6901
1553	6903
1542	6906
1521	6908
1525	6912
1544	6914
1563	6916
1564	6919
1549	6921
1530	6924
1522	6926
1520	6928
1511	6931
1509	6933
1518	6936
1531	6938
1541	6940
1535	6943
1523	6945
1515	6948
1517	6950
1529	6952
1527	6956
1517	6958
1512	6960
1510	6963
1513	6965
1514	6968
1517	6970
1525	6972
1548	6975
1546	6977
1530	6980
1532	6982
1540	6984
1536	6987
1528	6989
1531	6992
1532	6994
1525	6996
1537	7000
1551	7002
1564	7005
1577	7007
1576	7009
1574	7012
1556	7014
1525	7017
1515	7019
1512	7021
1501	7024
1494	7026
1497	7029
1504	7031
1516	7033
1522	7036
1519	7038
1511	7041
1502	7044
1500	7046
1509	7049
1505	7051
1510	7053
1511	7056
1511	7058
1515	7061
1529	7063
1530	7065
1531	7068
1561	7070
1580	7073
1557	7075
1533	7077
1523	7080
1511	7083
1505	7086
1515	7088
1517	7090
1513	7093
1512	7095
1512	7098
1522	7100
1524	7102
1518	7105
1521	7107
1524	7110
1528	7112
1539	7114
1531	7117
1523	7119
1521	7121
1513	7124
1488	7127
1481	7130
1483	7132
1493	7134
1499	7137
1501	7139
1508	7142
1538	7144
1573	7146
1598	7149
1591	7151
1587	7154
1569	7156
1551	7158
1537	7161
1536	7163
1530	7166
1525	7169
1513	7171
1515	7174
1538	7176
1598	7179
1613	7181
1579	7183
1554	7186
1522	7188
1500	7191
1485	7193
1477	7195
1472	7198
1474	7200
1480	7203
1476	7205
1469	7207
1468	7211
1472	7213
1481	7215
1501	7218
1511	7220
1506	7223
1502	7225
1511	7227
1534	7230
1554	7232
1566	7235
1565	7237
1547	7239
1521	7242
1501	7244
1496	7247
1505	7249
1516	7251
1514	7255
1505	7257
1513	7260
1536	7262
1532	7264
1522	7267
1524	7269
1533	7272
1532	7274
1515	7276
1509	7279
1498	7281
1489	7284
1480	7286
1487	7288
1494	7291
1500	7293
1510	7296
1520	7299
1512	7301
1505	7304
1490	7306
1483	7308
1500	7311
1521	7313
1540	7316
1541	7318
1537	7320
1549	7323
1570	7325
1581	7328
1560	7330
1537	7332
1516	7335
1500	7337
1487	7341
1483	7343
1479	7345
1482	7348
1490	7350
1494	7353
1483	7355
1482	7357
1485	7360
1476	7362
1475	7365
1477	7367
1482	7369
1489	7372
1497	7374
1515	7376
1535	7379
1547	7382
1547	7385
1537	7387
1523	7389
1514	7392
1509	7394
1502	7397
1498	7399
1501	7401
1531	7404
1537	7406
1540	7409
1550	7411
1566	7413
1568	7416
1547	7418
1512	7421
1492	7424
1481	7426
1484	7429
1503	7431
1525	7434
1532	7436
1534	7438
1530	7441
1513	7443
1498	7446
1488	7448
1484	7450
1485	7453
1492	7455
1504	7457
1523	7460
1524	7462
1519	7465
1510	7468
1503	7470
1506	7473
1506	7475
1509	7478
1504	7480
1505	7482
1509	7485
1525	7487
1557	7490
1591	7492
1576	7494
1554	7497
1538	7499
1527	7502
1516	7504
1511	7506
1501	7510
1508	7512
1533	7515
1551	7517
1541	7519
1518	7522
1500	7524
1492	7527
1492	7529
1489	7531
1487	7534
1487	7536
1485	7538
1492	7541
1510	7543
1534	7546
1542	7548
1540	7550
1531	7554
1530	7556
1540	7559
1521	7561
1515	7563
1506	7566
1518	7568
1524	7571
1538	7573
1545	7575
1535	7578
1513	7580
1504	7583
1502	7585
1519	7587
1579	7590
1636	7592
1634	7596
1579	7598
1533	7600
1511	7603
1494	7605
1484	7608
1476	7610
1479	7612
1502	7615
1520	7617
1506	7619
1493	7622
1484	7624
1475	7627
1476	7629
1476	7631
1481	7634
1490	7636
1512	7640
1526	7642
1535	7644
1538	7647
1544	7649
1548	7652
1554	7654
1564	7656
1558	7659
1544	7661
1529	7664
1515	7666
1509	7668
1507	7671
1516	7673
1523	7676
1512	7678
1501	7681
1497	7684
1495	7686
1487	7689
1478	7691
1472	7693
1465	7696
1466	7698
1475	7701
1479	7703
1480	7705
1488	7708
1493	7710
1505	7712
1534	7715
1555	7717
1547	7720
1507	7723
1489	7725
1485	7728
1487	7730
1496	7733
1507	7735
1515	7737
1524	7740
1527	7742
1529	7745
1524	7747
1508	7749
1511	7752
1517	7754
1532	7757
1565	7759
1568	7761
1538	7764
1520	7767
1496	7770
1485	7772
1486	7774
1488	7777
1491	7779
1501	7782
1524	7784
1543	7786
1550	7789
1538	7791
1546	7793
1553	7796
1550	7798
1544	7801
1530	7803
1525	7805
1520	7809
1537	7811
1556	7814
1564	7816
1542	7818
1529	7821
1515	7823
1508	7826
1500	7828
1499	7830
1504	7833
1508	7835
1509	7838
1509	7840
1512	7842
1516	7845
1534	7847
1539	7851
1517	7853
1502	7855
1488	7858
1487	7860
1500	7863
1515	7865
1541	7867
1580	7870
1590	7872
1573	7874
1537	7877
1509	7879
1492	7882
1486	7884
1484	7886
1486	7889
1496	7891
1502	7895
1515	7897
1527	7899
1538	7902
1541	7904
1525	7907
1511	7909
1503	7911
1499	7914
1496	7916
1502	7919
1507	7921
1512	7923
1538	7926
1557	7928
1553	7931
1530	7933
1521	7936
1528	7939
1533	7941
1536	7944
1547	7946
1552	7948
1543	7951
1533	7953
1532	7956
1536	7958
1537	7960
1544	7963
1546	7965
1549	7967
1563	7970
1573	7972
1572	7975
1578	7977
1570	7980
1540	7983
1519	7985
1513	7988
1518	7990
1527	7992
1551	7995
1585	7997
1595	8000
1597	8002
1580	8004
1563	8007
1551	8009
1542	8012
1541	8014
1549	8016
1559	8019
1565	8022
1562	8025
1569	8027
1572	8029
1564	8032
1557	8034
1550	8037
1546	8039
1538	8041
1535	8044
1538	8046
1541	8048
1532	8051
1521	8053
1512	8056
1515	8058
1519	8060
1508	8064
1503	8066
1502	8069
1500	8071
1492	8073
1492	8076
1512	8078
1538	8081
1532	8083
1501	8085
1485	8088
1486	8090
1492	8093
1487	8095
1477	8097
1480	8100
1479	8102
1472	8105
1468	8108
1464	8110
1462	8113
1468	8115
1484	8118
1502	8120
1519	8122
1510	8125
1492	8127
1490	8129
1502	8132
1513	8134
1524	8137
1527	8139
1517	8141
1512	8144
1498	8146
1482	8150
1474	8152
1470	8154
1475	8157
1496	8159
1510	8162
1517	8164
1526	8166
1526	8169
1524	8171
1525	8174
1515	8176
1495	8178
1488	8181
1484	8183
1480	8186
1484	8188
1488	8190
1494	8194
1499	8196
1501	8199
1498	8201
1497	8203
1498	8206
1503	8208
1499	8210
1496	8213
1492	8215
1505	8218
1529	8220
1537	8222
1513	8225
1500	8227
1499	8230
1497	8232
1502	8235
1518	8238
1530	8240
1542	8243
1561	8245
1582	8247
1578	8250
1553	8252
1520	8255
1509	8257
1499	8259
1499	8262
1508	8264
1515	8267
1527	8269
1540	8271
1549	8274
1527	8276
1507	8280
1497	8282
1489	8284
1484	8287
1481	8289
1482	8292
1491	8294
1502	8296
1514	8299
1540	8301
1562	8303
1569	8306
1558	8308
1521	8311
1506	8313
1516	8315
1515	8318
1514	8321
1515	8324
1526	8326
1530	8328
1515	8331
1504	8333
1492	8336
1488	8338
1495	8340
1515	8343
1533	8345
1535	8348
1521	8350
1532	8352
1534	8355
1517	8357
1506	8360
1504	8363
1506	8365
1509	8368
1508	8370
1497	8373
1499	8375
1506	8377
1524	8380
1538	8382
1532	8384
1526	8387
1519	8389
1517	8392
1525	8394
1537	8396
1537	8399
1522	8401
1512	8404
1509	8407
1499	8409
1489	8412
1473	8414
1466	8417
1487	8419
1520	8421
1533	8424
1543	8426
1554	8429
1578	8431
1574	8433
1545	8436
1518	8438
1515	8441
1522	8443
1528	8445
1531	8449
1531	8451
1527	8454
1516	8456
1499	8458
1490	8461
1486	8463
1485	8465
1486	8468
1489	8470
1497	8473
1506	8475
1513	8477
1502	8480
1496	8482
1516	8485
1525	8487
1526	8489
1527	8493
1518	8495
1503	8498
1499	8500
1503	8502
1518	8505
1531	8507
1547	8510
1562	8512
1563	8514
1556	8517
1537	8519
1524	8522
1523	8524
1521	8526
1520	8529
1528	8531
1546	8535
1559	8537
1544	8539
1531	8542
1530	8544
1514	8546
1501	8549
1495	8551
1491	8554
1495	8556
1500	8558
1507	8561
1514	8563
1518	8566
1519	8568
1514	8570
1507	8573
1505	8576
1495	8579
1494	8581
1495	8583
1492	8586
1498	8588
1508	8591
1530	8593
1556	8595
1573	8598
1577	8600
1573	8603
1569	8605
1547	8607
1535	8610
1527	8612
1540	8615
1543	8617
1530	8620
1515	8623
1505	8625
1508	8627
1516	8630
1529	8632
1521	8635
1515	8637
1519	8639
1529	8642
1524	8644
1513	8647
1503	8649
1493	8651
1492	8654
1495	8656
1500	8659
1503	8662
1521	8664
1536	8667
1537	8669
1536	8672
1557	8674
1580	8676
1566	8679
1544	8681
1541	8684
1552	8686
1570	8688
1567	8691
1533	8693
1518	8696
1505	8698
1502	8700
1506	8704
1512	8706
1520	8708
1519	8711
1508	8713
1504	8716
1503	8718
1502	8720
1501	8723
1511	8725
1523	8728
1518	8730
1523	8732
1531	8735
1531	8737
1534	8740
1533	8742
1533	8744
1538	8748
1533	8750
1538	8753
1544	8755
1541	8757
1536	8760
1524	8762
1514	8765
1509	8767
1511	8769
1515	8772
1519	8774
1517	8777
1519	8779
1513	8781
1503	8784
1496	8786
1494	8790
1493	8792
1492	8794
1487	8797
1484	8799
1483	8801
1486	8804
1486	8806
1494	8809
1506	8811
1508	8813
1518	8816
1538	8818
1548	8821
1554	8823
1551	8825
1530	8828
1521	8830
1515	8834
1525	8836
1554	8838
1576	8841
1580	8843
1556	8846
1543	8848
1534	8850
1522	8853
1512	8855
1508	8858
1515	8860
1531	8862
1539	8865
1533	8867
1523	8870
1509	8872
1503	8875
1502	8878
1519	8880
1544	8882
1547	8885
1540	8887
1532	8890
1540	8892
1549	8894
1547	8897
1541	8899
1536	8902
1536	8904
1554	8906
1577	8909
1609	8911
1627	8914
1607	8916
1578	8919
1550	8922
1533	8924
1527	8927
1526	8929
1529	8931
1532	8934
1531	8936
1536	8939
1564	8941
1593	8943
1600	8946
1584	8948
1553	8951
1539	8953
1540	8955
1546	8958
1547	8961
1543	8964
1551	8966
1554	8968
1550	8971
1552	8973
1546	8975
1548	8978
1562	8980
1572	8983
1575	8985
1578	8987
1586	8990
1604	8992
1615	8995
1609	8997
1596	8999
1577	9003
1559	9005
1552	9008
1553	9010
1553	9012
1545	9015
1535	9017
1528	9020
1525	9022
1538	9024
1554	9027
1562	9029
1562	9032
1553	9034
1542	9036
1531	9039
1521	9041
1525	9044
1545	9047
1571	9049
1566	9052
1551	9054
1545	9056
1543	9059
1560	9061
1573	9064
1564	9066
1541	9068
1522	9071
1515	9073
1510	9076
1513	9078
1517	9080
1519	9083
1518	9085
1511	9089
1501	9091
1498	9093
1509	9096
1519	9098
1513	9101
1514	9103
1539	9105
1566	9108
1576	9110
1567	9113
1532	9115
1505	9117
1495	9120
1495	9122
1496	9125
1502	9127
1528	9129
1540	9133
1538	9135
1508	9137
1486	9140
1478	9142
1466	9145
1463	9147
1472	9149
1480	9152
1485	9154
1481	9157
1476	9159
1474	9161
1477	9164
1493	9166
1511	9169
1515	9171
1515	9174
1498	9177
1491	9179
1495	9182
1500	9184
1503	9186
1499	9189
1490	9191
1480	9194
1492	9196
1506	9198
1495	9201
1482	9203
1478	9206
1484	9208
1488	9210
1502	9213
1511	9216
1513	9218
1509	9221
1494	9223
1483	9226
1484	9228
1490	9230
1502	9233
1502	9235
1499	9238
1488	9240
1484	9242
1484	9245
1486	9247
1495	9250
1506	9252
1511	9254
1501	9257
1485	9260
1480	9263
1485	9265
1488	9267
1489	9270
1487	9272
1486	9275
1484	9277
1496	9279
1522	9282
1531	9284
1520	9287
1506	9289
1487	9291
1473	9294
1471	9296
1476	9299
1486	9302
1489	9304
1483	9307
1500	9309
1522	9311
1546	9314
1554	9316
1530	9319
1499	9321
1483	9323
1476	9326
1480	9328
1484	9331
1485	9333
1484	9335
1486	9338
1490	9340
1494	9344
1500	9346
1509	9348
1505	9351
1505	9353
1509	9356
1518	9358
1510	9360
1496	9363
1490	9365
1497	9368
1514	9370
1508	9372
1501	9375
1500	9377
1490	9380
1488	9382
1495	9384
1512	9388
1519	9390
1523	9392
1524	9395
1518	9397
1502	9400
1495	9402
1494	9404
1497	9407
1490	9409
1490	9412
1490	9414
1496	9416
1487	9419
1471	9421
1467	9424
1465	9426
1462	9428
1461	9432
1458	9434
1452	9437
1447	9439
1472	9441
1500	9444
1516	9446
1504	9449
1490	9451
1489	9453
1506	9456
1526	9458
1527	9461
1514	9463
1496	9465
1481	9468
1477	9470
1478	9473
1483	9476
1491	9478
1498	9481
1498	9483
1505	9485
1516	9488
1518	9490
1510	9493
1494	9495
1492	9497
1495	9500
1504	9502
1509	9505
1513	9507
1505	9509
1506	9512
1491	9515
1476	9518
1464	9520
1455	9522
1460	9525
1471	9527
1488	9530
1505	9532
1518	9534
1520	9537
1510	9539
1490	9542
1484	9544
1494	9546
1514	9549
1547	9551
1547	9554
1522	9556
1503	9559
1488	9562
1483	9564
1512	9566
1533	9569
1533	9571
1521	9574
1499	9576
1489	9578
1481	9581
1486	9583
1509	9586
1540	9588
1566	9590
1548	9593
1511	9595
1491	9598
1476	9601
1469	9603
1467	9606
1473	9608
1484	9611
1494	9613
1500	9615
1486	9618
1471	9620
1471	9623
1470	9625
1476	9627
1488	9630
1508	9632
1514	9635
1504	9637
1490	9639
1503	9643
1521	9645
1517	9648
1511	9650
1505	9652
1505	9655
1512	9657
1528	9660
1547	9662
1556	9664
1541	9667
1507	9669
1500	9671
1511	9674
1524	9676
1540	9679
1534	9681
1522	9683
1527	9687
1522	9689
1516	9692
1507	9694
1507	9696
1511	9699
1512	9701
1524	9704
1542	9706
1564	9708
1567	9711
1552	9713
1533	9716
1514	9718
1521	9720
1536	9723
1529	9725
1515	9729
1518	9731
1527	9733
1548	9736
1544	9738
1526	9741
1512	9743
1497	9745
1496	9748
1512	9750
1526	9752
1535	9755
1536	9757
1531	9760
1525	9762
1519	9764
1517	9767
1516	9769
1514	9773
1514	9775
1530	9777
1550	9780
1551	9782
1550	9785
1521	9787
1504	9789
1499	9792
1513	9794
1557	9797
1589	9799
1584	9801
1570	9804
1550	9806
1538	9809
1535	9811
1542	9814
1561	9817
1573	9819
1565	9822
1545	9824
1524	9826
1511	9829
1505	9831
1502	9833
1498	9836
1493	9838
1485	9841
1475	9843
1468	9845
1473	9848
1480	9850
1489	9853
1497	9856
1498	9858
1504	9861
1522	9863
1539	9866
1551	9868
1544	9870
1530	9873
1533	9875
1555	9878
1551	9880
1530	9882
1512	9885
1498	9887
1490	9890
1488	9892
1492	9894
1502	9897
1520	9900
1517	9903
1507	9905
1494	9907
1477	9910
1463	9912
1455	9915
1452	9917
1460	9919
1469	9922
1470	9924
1471	9926
1471	9929
1486	9931
1484	9934
1485	9936
1491	9938
1498	9942
1518	9944
1533	9947
1541	9949
1532	9951
1527	9954
1518	9956
1505	9959
1504	9961
1506	9963
1507	9966
1504	9968
1511	9971
1529	9973
1548	9975
1561	9978
1541	9980
1529	9984
1526	9986
1520	9988
1530	9991
1536	9993
1533	9996
1522	9998
1510	10000
1511	10003
1508	10005
1505	10008
1516	10010
1529	10013
1531	10015
1532	10017
1521	10020
1510	10022
1505	10025
1512	10028
1527	10031
1553	10033
1573	10036
1561	10038
1529	10040
1505	10043
1498	10045
1509	10048
1520	10050
1539	10053
1553	10055
1557	10058
1545	10060
1535	10062
1535	10065
1534	10067
1531	10071
1517	10073
1504	10076
1504	10078
1506	10081
1518	10083
1543	10085
1567	10088
1559	10090
1536	10093
1510	10095
1493	10098
1483	10100
1482	10103
1487	10105
1494	10107
1501	10110
1514	10113
1512	10116
1501	10118
1489	10121
1483	10123
1481	10126
1481	10128
1484	10130
1492	10133
1502	10135
1523	10138
1551	10140
1563	10143
1567	10145
1561	10148
1560	10150
1556	10152
1536	10156
1509	10158
1496	10161
1489	10163
1488	10166
1491	10168
1495	10171
1496	10173
1499	10175
1503	10178
1500	10180
1493	10183
1479	10185
1482	10188
1506	10190
1509	10193
1507	10195
1510	10199
1521	10201
1524	10203
1513	10206
1500	10208
1495	10211
1494	10213
1500	10216
1515	10218
1529	10221
1526	10223
1506	10225
1500	10228
1507	10230
1527	10233
1540	10235
1535	10238
1518	10241
1512	10244
1523	10246
1543	10248
1547	10251
1547	10253
1533	10256
1512	10258
1501	10261
1502	10263
1499	10266
1495	10268
1503	10270
1541	10273
1570	10275
1557	10278
1542	10280
1530	10284
1529	10286
1528	10288
1525	10291
1542	10293
1566	10296
1573	10298
1562	10301
1553	10303
1564	10306
1574	10308
1580	10310
1571	10313
1569	10315
1575	10318
1577	10320
1571	10323
1567	10326
1559	10329
1540	10331
1538	10333
1547	10336
1552	10338
1539	10341
1540	10343
1547	10346
1557	10348
1558	10351
1562	10353
1552	10355
1530	10358
1527	10360
1538	10363
1543	10365
1544	10369
1552	10371
1549	10374
1542	10376
1531	10378
1524	10381
1522	10383
1529	10386
1534	10388
1528	10391
1521	10393
1519	10396
1528	10398
1555	10400
1576	10403
1570	10405
1544	10408
1532	10411
1525	10414
1531	10416
1541	10419
1557	10421
1569	10423
1563	10426
1558	10428
1554	10431
1553	10433
1548	10436
1543	10438
1546	10441
1551	10443
1549	10445
1544	10448
1537	10450
1545	10454
1566	10456
1576	10459
1574	10461
1557	10464
1545	10466
1546	10468
1554	10471
1538	10473
1512	10476
1502	10478
1508	10481
1509	10483
1506	10486
1510	10488
1525	10490
1526	10493
1531	10496
1558	10499
1597	10501
1615	10504
1599	10506
1561	10509
1539	10511
1521	10513
1525	10516
1510	10518
1486	10521
1474	10523
1475	10526
1484	10528
1502	10531
1493	10533
1492	10535
1499	10539
1508	10541
1523	10544
1538	10546
1551	10549
1555	10551
1547	10554
1540	10556
1518	10558
1540	10561
1562	10563
1547	10566
1527	10568
1513	10571
1507	10573
1505	10576
1512	10578
1525	10580
1528	10584
1522	10586
1530	10589
1544	10591
1536	10594
1519	10596
1503	10599
1493	10601
1501	10603
1511	10606
1510	10608
1510	10611
1514	10613
1505	10616
1488	10618
1490	10621
1504	10624
1508	10626