1514	2
1513	5
1516	7
1516	9
1515	11
1514	14
1513	16
1512	18
1511	20
1511	23
1512	25
1514	27
1517	30
1519	32
1520	34
1520	36
1518	39
1517	41
1515	44
1514	47
1513	49
1512	51
1511	53
1511	56
1512	58
1513	60
1515	63
1516	65
1516	67
1514	70
1514	72
1514	74
1515	76
1516	79
1517	81
1518	83
1518	87
1517	89
1516	91
1516	93
1516	96
1515	98
1514	100
1512	103
1508	105
1508	107
1508	110
1509	112
1510	114
1510	117
1509	119
1509	121
1510	124
1510	126
1510	129
1510	132
1509	134
1507	136
1506	139
1507	141
1507	144
1507	146
1507	148
1507	151
1506	153
1506	155
1508	158
1510	160
1511	162
1511	165
1510	167
1508	169
1508	173
1509	175
1511	177
1512	180
1512	182
1510	184
1509	187
1508	189
1510	191
1512	194
1514	196
1514	198
1513	201
1512	203
1513	205
1514	208
1514	210
1513	214
1512	216
1510	218
1511	221
1513	223
1517	225
1520	228
1519	230
1516	232
1512	235
1509	237
1507	239
1507	242
1507	244
1507	246
1508	249
1508	251
1509	253
1511	257
1513	259
1514	261
1513	264
1512	266
1510	268
1509	271
1510	273
1512	275
1513	278
1515	280
1516	283
1516	285
1516	287
1514	290
1513	292
1513	294
1513	297
1513	300
1512	302
1511	305
1512	307
1515	309
1518	312
1515	314
1512	316
1509	319
1507	321
1506	323
1506	326
1506	328
1507	330
1507	333
1506	335
1506	337
1507	340
1509	343
1509	345
1509	348
1509	350
1508	353
1507	355
1507	357
1507	360
1508	362
1509	364
1509	367
1509	369
1510	371
1513	374
1515	376
1516	378
1516	381
1514	384
1512	386
1511	389
1512	391
1513	393
1514	396
1515	398
1516	400
1516	403
1515	405
1516	407
1516	410
1516	412
1517	414
1517	417
1515	419
1513	422
1512	424
1511	427
1510	430
1509	432
1508	434
1506	437
1506	439
1506	441
1508	444
1509	446
1510	448
1510	451
1509	453
1509	455
1512	458
1514	460
1515	462
1514	465
1512	467
1510	470
1508	473
1508	475
1509	477
1510	480
1510	482
1509	484
1509	487
1508	489
1509	491
1512	494
1515	496
1518	499
1521	501
1523	503
1522	506
1520	508
1518	510
1518	514
1515	516
1513	518
1511	521
1510	523
1511	525
1512	528
1514	530
1516	532
1516	535
1516	537
1517	539
1517	542
1516	544
1514	546
1513	549
1511	551
1509	553
1508	557
1509	559
1510	561
1511	564
1513	566
1512	569
1513	571
1513	573
1513	576
1512	578
1510	580
1509	583
1508	585
1506	587
1507	590
1509	592
1511	594
1512	598
1513	600
1513	602
1513	605
1513	607
1513	609
1513	612
1513	614
1514	616
1515	619
1514	621
1514	623
1515	626
1515	628
1514	630
1512	633
1510	635
1508	638
1509	641
1510	643
1513	646
1516	648
1518	650
1519	653
1518	655
1518	657
1516	660
1514	662
1512	664
1511	667
1508	669
1507	671
1508	674
1508	676
1510	678
1510	681
1510	684
1510	686
1510	689
1511	691
1513	693
1514	696
1515	698
1514	700
1512	703
1510	705
1510	708
1510	710
1512	712
1514	715
1515	717
1514	719
1513	722
1514	724
1515	727
1517	730
1517	732
1515	734
1513	737
1512	739
1513	741
1514	744
1514	746
1514	748
1513	751
1512	753
1511	755
1512	758
1513	760
1513	762
1513	765
1513	768
1512	770
1513	773
1515	775
1514	778
1514	780
1513	782
1513	785
1512	787
1513	789
1515	792
1518	794
1520	796
1519	799
1516	801
1513	803
1512	806
1512	808
1512	811
1512	814
1512	816
1511	818
1510	821
1509	823
1511	825
1513	828
1514	830
1514	832
1512	835
1511	837
1511	839
1512	842
1511	844
1510	847
1510	849
1508	851
1506	855
1506	857
1507	859
1508	862
1509	864
1507	866
1506	869
1505	871
1504	873
1506	876
1507	878
1508	880
1509	883
1507	885
1506	887
1506	890
1506	892
1508	894
1509	898
1512	900
1514	902
1514	905
1514	907
1516	909
1517	912
1516	914
1514	917
1512	919
1509	921
1509	924
1509	926
1510	928
1510	931
1510	933
1508	935
1508	939
1510	941
1511	943
1510	946
1509	948
1508	950
1506	953
1505	955
1505	957
1506	960
1506	962
1506	964
1506	967
1506	969
1505	971
1505	974
1507	976
1508	978
1509	982
1510	984
1509	987
1508	989
1508	991
1508	994
1509	996
1511	998
1512	1001
1512	1003
1510	1005
1510	1008
1510	1010
1511	1013
1512	1015
1513	1017
1513	1020
1512	1022
1512	1026
1511	1028
1511	1030
1511	1033
1510	1035
1508	1037
1508	1040
1508	1042
1510	1045
1512	1047
1514	1049
1515	1052
1515	1054
1515	1057
1514	1059
1513	1061
1512	1064
1512	1067
1511	1070
1509	1072
1509	1074
1509	1077
1510	1079
1511	1082
1510	1084
1508	1086
1507	1089
1508	1091
1509	1094
1510	1096
1511	1098
1509	1101
1508	1103
1508	1106
1508	1108
1509	1111
1511	1114
1512	1116
1513	1119
1514	1121
1514	1123
1515	1126
1516	1128
1516	1130
1516	1133
1515	1135
1512	1138
1510	1140
1512	1142
1514	1145
1516	1147
1517	1150
1513	1153
1510	1155
1509	1158
1510	1160
1511	1163
1512	1165
1511	1167
1512	1170
1512	1172
1514	1175
1515	1177
1516	1179
1516	1182
1516	1184
1514	1187
1514	1189
1514	1191
1516	1195
1516	1197
1515	1199
1514	1202
1512	1204
1512	1207
1512	1209
1513	1211
1513	1214
1514	1216
1513	1219
1514	1221
1516	1223
1519	1226
1519	1228
1519	1231
1517	1233
1515	1235
1514	1239
1516	1241
1519	1244
1520	1246
1520	1248
1518	1251
1514	1253
1512	1256
1513	1258
1515	1260
1517	1263
1518	1265
1518	1268
1516	1270
1513	1272
1512	1275
1513	1277
1512	1280
1511	1283
1510	1285
1509	1288
1509	1290
1509	1292
1510	1295
1510	1297
1511	1300
1510	1302
1509	1304
1510	1307
1511	1309
1512	1312
1512	1314
1512	1316
1511	1319
1512	1321
1514	1325
1516	1327
1519	1329
1520	1332
1520	1334
1519	1337
1518	1339
1518	1341
1519	1344
1519	1346
1518	1349
1516	1351
1514	1353
1513	1356
1514	1358
1516	1360
1518	1363
1517	1366
1516	1369
1513	1371
1513	1373
1513	1376
1512	1378
1513	1381
1513	1383
1513	1385
1512	1388
1511	1390
1513	1393
1514	1395
1514	1397
1514	1400
1511	1402
1510	1405
1509	1408
1510	1410
1511	1413
1511	1415
1511	1418
1510	1420
1510	1422
1512	1425
1516	1427
1519	1430
1520	1432
1518	1434
1515	1437
1512	1439
1513	1442
1515	1444
1518	1446
1521	1449
1521	1452
1519	1454
1518	1457
1517	1459
1516	1462
1515	1464
1515	1466
1514	1469
1513	1471
1513	1474
1513	1476
1514	1478
1514	1481
1514	1483
1513	1486
1511	1488
1511	1490
1513	1494
1513	1496
1514	1499
1514	1501
1514	1503
1513	1506
1513	1508
1513	1511
1512	1513
1512	1515
1513	1518
1513	1520
1512	1523
1512	1525
1512	1527
1512	1530
1512	1532
1512	1534
1510	1538
1510	1540
1511	1543
1513	1545
1514	1547
1515	1550
1515	1552
1516	1555
1517	1557
1517	1559
1517	1562
1517	1564
1514	1567
1513	1569
1510	1571
1510	1574
1511	1576
1512	1580
1515	1582
1517	1584
1515	1587
1512	1589
1511	1592
1511	1594
1513	1596
1515	1599
1516	1601
1515	1603
1513	1606
1512	1608
1512	1611
1511	1613
1511	1615
1510	1618
1509	1620
1508	1624
1509	1626
1510	1628
1511	1631
1513	1633
1512	1636
1511	1638
1510	1640
1512	1643
1513	1645
1513	1648
1513	1650
1512	1652
1512	1655
1512	1657
1514	1660
1517	1662
1519	1665
1520	1668
1516	1670
1514	1673
1513	1675
1514	1677
1515	1680
1515	1682
1515	1684
1516	1687
1517	1689
1520	1692
1520	1694
1521	1696
1521	1699
1519	1701
1517	1704
1515	1707
1515	1709
1516	1712
1517	1714
1517	1717
1516	1719
1514	1721
1513	1724
1516	1726
1518	1729
1518	1731
1517	1733
1515	1736
1514	1738
1515	1741
1516	1743
1517	1745
1517	1748
1518	1751
1519	1754
1518	1756
1518	1758
1519	1761
1519	1763
1519	1765
1518	1768
1516	1770
1515	1773
1516	1775
1517	1777
1517	1780
1517	1782
1516	1785
1515	1787
1515	1789
1515	1793
1517	1795
1520	1798
1523	1800
1523	1802
1520	1805
1518	1807
1517	1810
1516	1812
1514	1814
1512	1817
1511	1819
1510	1822
1510	1824
1511	1826
1511	1829
1511	1831
1511	1835
1510	1837
1509	1839
1509	1842
1510	1844
1511	1846
1511	1849
1511	1851
1510	1854
1508	1856
1508	1858
1508	1861
1509	1863
1510	1866
1510	1868
1509	1870
1508	1873
1508	1875
1510	1879
1511	1881
1512	1883
1510	1886
1509	1888
1508	1891
1509	1893
1511	1895
1512	1898
1511	1900
1508	1903
1506	1905
1505	1907
1506	1910
1506	1912
1507	1915
1508	1917
1508	1920
1507	1923
1507	1925
1508	1927
1509	1930
1510	1932
1510	1935
1509	1937
1509	1939
1511	1942
1512	1944
1512	1947
1512	1949
1512	1951
1510	1954
1510	1956
1511	1959
1511	1961
1512	1964
1513	1967
1513	1969
1513	1972
1513	1974
1514	1976
1515	1979
1516	1981
1517	1984
1517	1986
1517	1988
1518	1991
1519	1993
1519	1996
1518	1998
1517	2000
1515	2003
1512	2006
1511	2008
1512	2011
1511	2013
1511	2016
1510	2018
1509	2020
1509	2023
1512	2025
1513	2028
1514	2030
1514	2032
1514	2035
1513	2037
1511	2040
1511	2042
1511	2044
1511	2048
1511	2050
1511	2053
1512	2055
1514	2057
1517	2060
1518	2062
1515	2065
1513	2067
1512	2069
1511	2072
1511	2074
1514	2077
1517	2079
1519	2081
1518	2084
1516	2086
1513	2088
1512	2092
1512	2094
1514	2097
1515	2099
1515	2101
1512	2104
1510	2106
1509	2109
1508	2111
1508	2113
1508	2116
1508	2118
1507	2121
1507	2123
1509	2125
1511	2128
1511	2130
1511	2134
1510	2136
1508	2138
1508	2141
1509	2143
1510	2146
1512	2148
1512	2150
1511	2153
1509	2155
1508	2158
1509	2160
1510	2162
1512	2165
1513	2167
1515	2169
1516	2172
1517	2174
1518	2178
1517	2180
1517	2182
1516	2185
1514	2187
1512	2190
1512	2192
1512	2194
1512	2197
1513	2199
1513	2202
1512	2204
1512	2206
1511	2209
1512	2211
1514	2214
1514	2216
1513	2219
1510	2222
1508	2224
1509	2227
1512	2229
1515	2231
1518	2234
1519	2236
1517	2239
1515	2241
1513	2243
1511	2246
1509	2248
1508	2250
1505	2253
1504	2255
1505	2258
1507	2260
1509	2263
1510	2266
1511	2268
1511	2271
1508	2273
1508	2275
1508	2278
1509	2280
1509	2283
1509	2285
1508	2287
1508	2290
1509	2292
1511	2295
1513	2297
1514	2299
1512	2302
1511	2305
1510	2308
1511	2310
1513	2312
1515	2315
1518	2317
1519	2320
1519	2322
1519	2324
1518	2327
1517	2329
1516	2331
1516	2334
1518	2336
1522	2339
1524	2341
1525	2343
1525	2347
1525	2349
1526	2352
1526	2354
1528	2356
1532	2359
1535	2361
1536	2364
1535	2366
1534	2368
1532	2371
1529	2373
1528	2376
1527	2378
1526	2380
1525	2383
1523	2385
1519	2388
1518	2391
1517	2393
1517	2396
1517	2398
1517	2401
1515	2403
1513	2405
1512	2408
1512	2410
1513	2412
1513	2415
1513	2417
1511	2420
1508	2422
1507	2424
1509	2427
1509	2429
1510	2433
1510	2435
1509	2437
1507	2440
1508	2442
1509	2445
1509	2447
1510	2449
1509	2452
1507	2454
1504	2457
1505	2459
1506	2461
1508	2464
1510	2466
1509	2469
1506	2471
1505	2473
1507	2477
1508	2479
1509	2482
1506	2484
1502	2486
1498	2489
1496	2491
1495	2493
1496	2496
1499	2498
1502	2501
1504	2503
1504	2505
1502	2508
1499	2510
1496	2513
1494	2515
1493	2518
1492	2521
1491	2523
1492	2526
1493	2528
1494	2530
1495	2533
1494	2535
1491	2538
1490	2540
1489	2542
1489	2545
1489	2547
1490	2550
1489	2552
1489	2554
1489	2557
1489	2560
1491	2563
1491	2565
1490	2567
1489	2570
1487	2572
1487	2574
1489	2577
1492	2579
1496	2582
1498	2584
1496	2586
1493	2589
1492	2591
1492	2594
1493	2596
1494	2598
1495	2601
1495	2604
1496	2607
1496	2609
1496	2611
1496	2614
1497	2616
1498	2619
1498	2621
1499	2623
1502	2626
1505	2628
1507	2631
1506	2633
1505	2635
1503	2638
1501	2640
1501	2643
1502	2646
1503	2648
1504	2651
1505	2653
1504	2656
1504	2658
1506	2660
1508	2663
1510	2665
1512	2667
1513	2670
1512	2672
1509	2675
1511	2677
1511	2679
1510	2682
1509	2684
1506	2688
1504	2690
1503	2692
1505	2695
1507	2697
1509	2700
1511	2702
1511	2704
1508	2707
1507	2709
1506	2712
1505	2714
1505	2716
1505	2719
1506	2721
1509	2724
1515	2726
1517	2728
1518	2732
1515	2734
1511	2736
1508	2739
1505	2741
1506	2744
1508	2746
1509	2748
1508	2751
1507	2753
1506	2756
1507	2758
1508	2760
1509	2763
1510	2765
1510	2768
1508	2770
1506	2772
1506	2776
1506	2778
1507	2781
1508	2783
1510	2785
1513	2788
1519	2790
1527	2793
1533	2795
1532	2797
1530	2800
1530	2802
1532	2805
1533	2807
1536	2809
1537	2812
1531	2814
1527	2817
1522	2820
1518	2822
1517	2825
1517	2827
1519	2829
1521	2832
1523	2834
1525	2837
1527	2839
1529	2841
1532	2844
1535	2846
1538	2849
1539	2851
1537	2853
1539	2856
1541	2859
1546	2862
1549	2864
1548	2866
1549	2869
1550	2871
1550	2874
1556	2876
1556	2878
1554	2881
1551	2883
1544	2886
1540	2888
1536	2890
1533	2893
1528	2895
1519	2897
1508	2900
1506	2903
1511	2906
1513	2908
1517	2910
1525	2913
1537	2915
1541	2918
1541	2920
1550	2922
1554	2925
1549	2927
1539	2930
1530	2932
1524	2934
1517	2937
1515	2939
1513	2942
1521	2945
1535	2947
1532	2950
1523	2952
1511	2955
1501	2957
1497	2959
1497	2962
1504	2964
1514	2967
1519	2969
1513	2971
1506	2974
1501	2976
1503	2978
1511	2981
1518	2983
1517	2987
1511	2989
1510	2991
1513	2994
1511	2996
1510	2999
1516	3001
1526	3003
1530	3006
1535	3008
1536	3011
1534	3013
1536	3015
1542	3018
1550	3020
1559	3023
1575	3025
1586	3027
1593	3031
1582	3033
1561	3036
1549	3038
1547	3040
1557	3043
1571	3045
1581	3048
1591	3050
1597	3052
1601	3055
1605	3057
1614	3059
1624	3062
1631	3064
1628	3067
1633	3069
1641	3072
1643	3075
1633	3077
1630	3080
1631	3082
1640	3084
1647	3087
1638	3089
1621	3092
1614	3094
1605	3096
1601	3099
1596	3101
1592	3104
1589	3106
1594	3108
1603	3111
1607	3113
1597	3117
1586	3119
1582	3121
1585	3124
1585	3126
1579	3129
1573	3131
1570	3133
1563	3136
1566	3138
1567	3141
1572	3143
1577	3145
1584	3148
1577	3150
1562	3152
1559	3155
1561	3158
1548	3161
1526	3163
1513	3165
1515	3168
1541	3170
1570	3173
1576	3175
1553	3177
1530	3180
1509	3182
1505	3185
1517	3187
1523	3189
1522	3192
1514	3194
1523	3197
1535	3200
1550	3202
1560	3205
1546	3207
1524	3210
1513	3212
1506	3214
1495	3217
1493	3219
1492	3222
1501	3224
1517	3226
1519	3229
1514	3231
1501	3234
1485	3236
1478	3238
1476	3241
1478	3244
1487	3246
1483	3249
1489	3251
1507	3254
1519	3256
1513	3258
1500	3261
1472	3263
1456	3266
1465	3268
1476	3270
1487	3273
1478	3275
1470	3278
1475	3280
1486	3282
1483	3286
1476	3288
1461	3291
1451	3293
1449	3295
1443	3298
1446	3300
1468	3303
1494	3305
1506	3307
1509	3310
1506	3312
1508	3315
1503	3317
1491	3319
1494	3322
1514	3324
1525	3326
1518	3330
1495	3332
1467	3335
1455	3337
1455	3339
1464	3342
1482	3344
1491	3347
1489	3349
1489	3351
1489	3354
1489	3356
1477	3359
1463	3361
1469	3363
1504	3366
1528	3368
1541	3372
1522	3374
1499	3376
1483	3379
1484	3381
1494	3384
1488	3386
1482	3388
1485	3391
1526	3393
1575	3396
1591	3398
1583	3400
1566	3403
1539	3405
1521	3408
1508	3410
1507	3412
1505	3416
1496	3418
1480	3420
1474	3423
1486	3425
1506	3428
1496	3430
1486	3432
1490	3435
1511	3437
1513	3440
1504	3442
1524	3444
1555	3447
1559	3449
1545	3452
1536	3454
1530	3457
1517	3460
1513	3462
1525	3465
1530	3467
1517	3469
1510	3472
1497	3474
1498	3477
1513	3479
1525	3481
1529	3484
1523	3486
1504	3489
1492	3491
1479	3493
1474	3496
1471	3499
1468	3501
1471	3504
1482	3506
1484	3509
1518	3511
1560	3513
1589	3516
1555	3518
1527	3521
1526	3523
1531	3525
1523	3528
1501	3530
1483	3533
1461	3535
1443	3537
1439	3540
1435	3543
1443	3546
1446	3548
1450	3550
1462	3553
1469	3555
1460	3558
1466	3560
1472	3562
1477	3565
1476	3567
1476	3570
1479	3572
1490	3574
1485	3577
1475	3579
1469	3581
1469	3585
1473	3587
1479	3590
1477	3592
1470	3594
1471	3597
1462	3599
1458	3602
1464	3604
1475	3606
1476	3609
1479	3611
1488	3614
1510	3616
1532	3618
1541	3621
1535	3623
1516	3627
1509	3629
1513	3631
1523	3634
1515	3636
1502	3639
1484	3641
1489	3643
1491	3646
1492	3648
1498	3651
1503	3653
1529	3655
1531	3658
1508	3660
1497	3662
1489	3665
1479	3667
1487	3671
1508	3673
1535	3675
1547	3678
1550	3680
1546	3683
1523	3685
1513	3687
1501	3690
1508	3692
1535	3695
1542	3697
1525	3699
1509	3702
1510	3704
1519	3707
1539	3709
1542	3712
1533	3715
1507	3717
1487	3720
1483	3722
1493	3724
1523	3727
1549	3729
1540	3732
1521	3734
1502	3736
1484	3739
1475	3741
1472	3743
1466	3746
1459	3748
1460	3751
1465	3753
1480	3756
1492	3759
1497	3761
1496	3764
1511	3766
1543	3768
1552	3771
1533	3773
1506	3776
1486	3778
1481	3780
1496	3783
1528	3785
1515	3788
1486	3790
1481	3792
1481	3795
1489	3798
1495	3801
1493	3803
1486	3805
1487	3808
1492	3810
1489	3813
1486	3815
1485	3817
1479	3820
1482	3822
1494	3824
1489	3827
1483	3829
1490	3832
1506	3834
1503	3836
1490	3840
1478	3842
1464	3845
1461	3847
1483	3849
1486	3852
1468	3854
1460	3857
1492	3859
1530	3861
1551	3864
1560	3866
1539	3869
1531	3871
1514	3873
1486	3876
1466	3878
1461	3881
1469	3884
1485	3886
1517	3889
1528	3891
1536	3894
1519	3896
1497	3898
1490	3901
1494	3903
1505	3905
1495	3908
1503	3910
1534	3913
1517	3915
1497	3917
1491	3920
1485	3922
1481	3926
1477	3928
1478	3930
1491	3933
1504	3935
1510	3938
1515	3940
1519	3942
1532	3945
1530	3947
1508	3950
1506	3952
1512	3954
1506	3957
1500	3959
1508	3962
1523	3964
1523	3966
1535	3970
1544	3972
1550	3975
1560	3977
1565	3979
1556	3982
1538	3984
1526	3986
1524	3989
1524	3991
1506	3994
1491	3996
1483	3998
1492	4001
1516	4003
1549	4006
1557	4008
1544	4011
1517	4014
1497	4016
1479	4019
1478	4021
1504	4023
1537	4026
1583	4028
1602	4031
1586	4033
1564	4035
1540	4038
1533	4040
1541	4043
1551	4045
1543	4047
1538	4050
1519	4052
1498	4056
1482	4058
1480	4060
1485	4063
1490	4065
1495	4067
1500	4070
1516	4072
1528	4075
1540	4077
1538	4079
1548	4082
1550	4084
1541	4087
1511	4089
1507	4091
1527	4094
1544	4097
1524	4100
1517	4102
1522	4104
1515	4107
1501	4109
1496	4112
1492	4114
1501	4116
1509	4119
1515	4121
1535	4124
1543	4126
1531	4128
1514	4131
1493	4133
1485	4136
1491	4139
1502	4141
1525	4144
1529	4146
1520	4148
1509	4151
1500	4153
1493	4156
1491	4158
1488	4160
1488	4163
1495	4165
1505	4168
1500	4170
1486	4172
1477	4175
1489	4177
1505	4180
1517	4183
1506	4185
1494	4188
1498	4190
1540	4193
1553	4195
1523	4197
1500	4200
1480	4202
1483	4205
1482	4207
1476	4209
1466	4212
1467	4214
1487	4217
1499	4219
1528	4221
1541	4225
1512	4227
1489	4229
1475	4232
1471	4234
1492	4237
1510	4239
1517	4241
1516	4244
1510	4246
1500	4249
1482	4251
1464	4253
1458	4256
1457	4258
1467	4261
1493	4263
1503	4265
1501	4269
1499	4271
1500	4274
1505	4276
1525	4278
1540	4281
1524	4283
1518	4286
1518	4288
1504	4290
1500	4293
1501	4295
1510	4298
1519	4300
1521	4302
1522	4305
1519	4307
1535	4310
1534	4313
1529	4315
1524	4318
1534	4320
1545	4322
1535	4325
1521	4327
1520	4330
1506	4332
1496	4334
1480	4337
1480	4339
1493	4342
1492	4344
1504	4346
1514	4349
1517	4352
1516	4355
1511	4357
1511	4359
1522	4362
1556	4364
1599	4367
1576	4369
1538	4371
1521	4374
1504	4376
1500	4379
1510	4381
1513	4383
1507	4386
1526	4388
1538	4390
1534	4393
1526	4396
1533	4399
1539	4401
1543	4403
1538	4406
1530	4408
1531	4411
1524	4413
1507	4415
1492	4418
1486	4420
1487	4423
1493	4425
1489	4427
1489	4430
1498	4432
1519	4435
1521	4438
1521	4440
1526	4443
1542	4445
1537	4448
1523	4450
1517	4452
1504	4455
1498	4457
1495	4460
1500	4462
1515	4464
1535	4467
1529	4469
1512	4471
1497	4474
1489	4476
1491	4480
1503	4482
1533	4484
1560	4487
1558	4489
1535	4492
1507	4494
1492	4496
1493	4499
1506	4501
1508	4504
1502	4506
1487	4508
1481	4511
1493	4513
1498	4516
1498	4518
1511	4520
1515	4524
1506	4526
1501	4529
1500	4531
1506	4533
1541	4536
1554	4538
1541	4541
1518	4543
1505	4545
1508	4548
1523	4550
1524	4552
1513	4555
1505	4557
1523	4560
1547	4562
1525	4564
1499	4568
1488	4570
1496	4573
1505	4575
1494	4577
1480	4580
1475	4582
1504	4585
1526	4587
1521	4589
1517	4592
1510	4594
1495	4597
1501	4599
1514	4601
1519	4604
1514	4606
1499	4610
1489	4612
1490	4614
1498	4617
1499	4619
1486	4622
1489	4624
1487	4626
1485	4629
1489	4631
1504	4633
1525	4636
1554	4638
1566	4641
1551	4643
1516	4645
1505	4648
1494	4651
1483	4654
1491	4656
1515	4658
1515	4661
1525	4663
1534	4666
1532	4668
1520	4670
1510	4673
1504	4675
1506	4678
1508	4680
1523	4682
1530	4685
1525	4687
1499	4690
1486	4692
1496	4695
1517	4698
1544	4700
1559	4703
1542	4705
1518	4707
1500	4710
1511	4712
1533	4714
1533	4717
1528	4719
1510	4722
1488	4724
1491	4726
1499	4729
1501	4731
1503	4734
1511	4737
1510	4739
1508	4742
1507	4744
1512	4747
1513	4749
1500	4751
1469	4754
1463	4756
1461	4759
1460	4761
1477	4763
1490	4766
1498	4768
1516	4771
1511	4773
1512	4775
1510	4779
1508	4781
1497	4784
1496	4786
1517	4788
1526	4791
1511	4793
1516	4796
1529	4798
1537	4800
1517	4803
1515	4805
1528	4807
1540	4810
1557	4812
1569	4815
1570	4817
1546	4819
1526	4823
1521	4825
1521	4828
1519	4830
1523	4832
1499	4835
1491	4837
1476	4840
1483	4842
1500	4844
1510	4847
1523	4849
1518	4852
1511	4854
1507	4856
1507	4859
1516	4861
1519	4865
1510	4867
1493	4869
1503	4872
1548	4874
1567	4877
1566	4879
1563	4881
1548	4884
1539	4886
1552	4888
1562	4891
1530	4893
1514	4896
1496	4898
1487	4900
1484	4903
1482	4905
1482	4909
1493	4911
1494	4913
1486	4916
1484	4918
1481	4921
1489	4923
1490	4925
1487	4928
1499	4930
1530	4933
1523	4935
1509	4937
1510	4940
1499	4942
1489	4945
1505	4947
1533	4950
1540	4953
1527	4955
1516	4958
1532	4960
1554	4962
1541	4965
1507	4967
1517	4970
1531	4972
1522	4974
1504	4977
1490	4979
1489	4981
1496	4984
1506	4986
1498	4989
1490	4992
1483	4994
1486	4997
1488	4999
1484	5002
1495	5004
1512	5006
1528	5009
1513	5011
1494	5014
1505	5016
1530	5018
1565	5021
1569	5023
1542	5026
1533	5028
1527	5030
1523	5033
1536	5036
1524	5039
1509	5041
1486	5043
1480	5046
1496	5048
1513	5051
1522	5053
1523	5055
1512	5058
1495	5060
1477	5062
1470	5065
1485	5067
1493	5070
1506	5072
1492	5074
1491	5078
1500	5080
1512	5083
1505	5085
1488	5087
1483	5090
1493	5092
1502	5095
1510	5097
1514	5099
1514	5102
1526	5104
1520	5107
1502	5109
1492	5111
1502	5114
1521	5116
1509	5120
1497	5122
1489	5124
1483	5127
1492	5129
1489	5132
1476	5134
1477	5136
1484	5139
1494	5141
1519	5143
1535	5146
1535	5148
1534	5151
1527	5153
1536	5155
1533	5158
1516	5160
1492	5164
1471	5166
1461	5168
1464	5171
1469	5173
1491	5176
1509	5178
1510	5180
1498	5183
1490	5185
1506	5188
1522	5190
1536	5192
1546	5195
1554	5197
1538	5200
1519	5202
1508	5204
1516	5208
1517	5210
1511	5213
1504	5215
1506	5217
1502	5220
1492	5222
1487	5224
1495	5227
1496	5229
1494	5232
1499	5234
1518	5236
1521	5239
1501	5241
1484	5244
1482	5246
1480	5249
1480	5252
1489	5254
1514	5257
1527	5259
1511	5261
1491	5264
1471	5266
1463	5269
1471	5271
1486	5273
1504	5276
1504	5278
1505	5281
1517	5283
1503	5285
1481	5288
1476	5291
1475	5294
1486	5296
1501	5298
1504	5301
1497	5303
1488	5305
1494	5308
1515	5310
1513	5313
1500	5315
1489	5317
1486	5320
1493	5322
1493	5325
1479	5327
1466	5329
1473	5332
1496	5335
1523	5338
1522	5340
1503	5342
1486	5345
1472	5347
1466	5350
1467	5352
1479	5354
1490	5357
1503	5359
1509	5362
1525	5364
1521	5366
1525	5369
1543	5371
1564	5374
1564	5377
1537	5379
1500	5382
1478	5384
1472	5386
1481	5389
1494	5391
1494	5394
1497	5396
1495	5398
1481	5401
1477	5403
1505	5406
1533	5408
1553	5410
1553	5413
1533	5415
1518	5419
1480	5421
1461	5423
1458	5426
1456	5428
1493	5431
1546	5433
1543	5435
1519	5438
1500	5440
1475	5443
1462	5445
1469	5447
1504	5450
1542	5452
1537	5455
1508	5457
1478	5459
1462	5463
1462	5465
1479	5467
1496	5470
1500	5472
1512	5475
1512	5477
1507	5479
1509	5482
1493	5484
1486	5487
1495	5489
1527	5491
1563	5494
1558	5496
1524	5499
1502	5501
1490	5504
1498	5507
1522	5509
1533	5512
1535	5514
1530	5516
1524	5519
1503	5521
1497	5524
1500	5526
1513	5528
1531	5531
1526	5533
1521	5536
1519	5538
1537	5540
1556	5543
1563	5545
1550	5548
1525	5551
1502	5553
1502	5556
1518	5558
1524	5560
1518	5563
1514	5565
1500	5568
1482	5570
1477	5572
1491	5575
1506	5577
1526	5580
1533	5582
1511	5584
1494	5587
1493	5590
1499	5593
1511	5595
1510	5597
1522	5600
1531	5602
1522	5605
1524	5607
1519	5609
1520	5612
1519	5614
1513	5617
1518	5619
1531	5621
1533	5624
1535	5626
1536	5628
1554	5632
1576	5634
1549	5637
1523	5639
1509	5641
1500	5644
1488	5646
1506	5649
1527	5651
1541	5653
1529	5656
1518	5658
1510	5661
1506	5663
1512	5665
1519	5668
1547	5670
1566	5673
1540	5676
1512	5678
1501	5681
1495	5683
1494	5686
1491	5688
1499	5690
1515	5693
1524	5695
1538	5698
1564	5700
1575	5702
1553	5705
1541	5707
1530	5709
1510	5712
1499	5714
1527	5718
1548	5720
1507	5722
1492	5725
1482	5727
1483	5730
1532	5732
1580	5734
1586	5737
1561	5739
1533	5742
1509	5744
1507	5746
1521	5749
1534	5751
1526	5754
1527	5756
1543	5758
1545	5762
1523	5764
1518	5767
1525	5769
1533	5771
1522	5774
1520	5776
1522	5779
1522	5781
1509	5783
1505	5786
1497	5788
1481	5790
1467	5793
1480	5795
1496	5798
1518	5800
1565	5803
1617	5806
1641	5808
1587	5811
1548	5813
1527	5815
1515	5818
1502	5820
1502	5823
1530	5825
1564	5827
1569	5830
1530	5832
1504	5835
1506	5837
1538	5839
1546	5842
1525	5844
1504	5848
1481	5850
1484	5852
1499	5855
1505	5857
1500	5860
1493	5862
1511	5864
1560	5867
1588	5869
1572	5871
1521	5874
1472	5876
1450	5879
1436	5881
1434	5883
1460	5886
1482	5889
1499	5892
1503	5894
1517	5896
1543	5899
1552	5901
1561	5904
1553	5906
1526	5908
1510	5911
1513	5913
1514	5916
1524	5918
1543	5920
1556	5923
1529	5925
1479	5928
1459	5931
1454	5933
1462	5936
1498	5938
1508	5941
1524	5943
1517	5945
1503	5948
1492	5950
1475	5952
1486	5955
1509	5957
1530	5960
1556	5962
1544	5964
1508	5967
1485	5969
1455	5972
1438	5975
1441	5977
1451	5980
1472	5982
1491	5985
1504	5987
1505	5989
1493	5992
1490	5994
1527	5997
1541	5999
1523	6001
1495	6004
1472	6006
1461	6009
1468	6011
1486	6013
1519	6017
1521	6019
1492	6022
1471	6024
1456	6026
1465	6029
1503	6031
1530	6034
1538	6036
1537	6038
1511	6041
1495	6043
1485	6045
1477	6048
1474	6050
1487	6053
1479	6055
1465	6057
1455	6061
1463	6063
1505	6066
1533	6068
1532	6070
1503	6073
1486	6075
1469	6078
1469	6080
1485	6082
1505	6085
1513	6087
1507	6090
1505	6092
1504	6094
1492	6097
1475	6099
1465	6103
1467	6105
1511	6107
1531	6110
1509	6112
1480	6115
1458	6117
1450	6119
1462	6122
1479	6124
1494	6126
1515	6129
1529	6131
1544	6134
1536	6136
1499	6138
1482	6141
1479	6144
1475	6147
1471	6149
1463	6151
1464	6154
1453	6156
1461	6159
1471	6161
1488	6163
1493	6166
1473	6168
1459	6171
1461	6173
1493	6175
1514	6178
1517	6180
1520	6183
1522	6185
1506	6188
1496	6191
1507	6193
1502	6196
1502	6198
1519	6200
1558	6203
1591	6205
1571	6207
1536	6210
1511	6212
1487	6215
1472	6217
1464	6219
1467	6222
1473	6224
1483	6227
1473	6230
1460	6232
1445	6235
1441	6237
1448	6240
1462	6242
1473	6244
1475	6247
1489	6249
1521	6252
1508	6254
1487	6256
1485	6259
1510	6261
1519	6264
1529	6266
1529	6268
1510	6272
1482	6274
1468	6277
1477	6279
1491	6281
1505	6284
1514	6286
1509	6289
1494	6291
1484	6293
1488	6296
1483	6298
1476	6300
1482	6303
1498	6305
1501	6308
1498	6310
1501	6312
1496	6316
1488	6318
1478	6321
1470	6323
1474	6325
1484	6328
1500	6330
1518	6333
1524	6335
1514	6337
1509	6340
1515	6342
1507	6345
1498	6347
1495	6349
1506	6352
1498	6354
1503	6358
1511	6360
1511	6362
1508	6365
1507	6367
1510	6370
1511	6372
1505	6374
1498	6377
1499	6379
1528	6381
1553	6384
1543	6386
1507	6389
1497	6391
1515	6393
1532	6396
1535	6398
1526	6402
1504	6404
1491	6406
1480	6409
1475	6411
1477	6414
1480	6416
1477	6418
1493	6421
1504	6423
1515	6426
1499	6428
1487	6430
1480	6433
1484	6435
1500	6438
1502	6440
1492	6443
1482	6446
1496	6448
1520	6451
1532	6453
1536	6455
1494	6458
1469	6460
1468	6463
1471	6465
1488	6467
1508	6470
1522	6472
1543	6474
1549	6477
1533	6479
1517	6482
1503	6484
1492	6487
1494	6490
1511	6492
1523	6495
1512	6497
1496	6499
1493	6502
1504	6504
1509	6507
1511	6509
1528	6511
1536	6514
1525	6516
1504	6519
1491	6521
1484	6523
1484	6526
1502	6529
1518	6532
1518	6534
1509	6536
1492	6539
1489	6541
1497	6544
1507	6546
1519	6548
1538	6551
1551	6553
1542	6555
1539	6558
1540	6560
1544	6563
1518	6565
1492	6567
1475	6571
1500	6573
1535	6576
1531	6578
1527	6580
1515	6583
1504	6585
1511	6588
1520	6590
1528	6592
1537	6595
1536	6597
1521	6600
1508	6602
1495	6604
1489	6607
1487	6609
1494	6612
1496	6615
1502	6617
1511	6620
1513	6622
1511	6625
1498	6627
1491	6629
1502	6632
1509	6634
1517	6636
1507	6639
1508	6641
1530	6644
1544	6646
1527	6648
1503	6651
1496	6653
1503	6657
1512	6659
1528	6661
1529	6664
1523	6666
1518	6669
1520	6671
1529	6673
1522	6676
1519	6678
1529	6681
1511	6683
1509	6685
1518	6688
1499	6690
1481	6693
1490	6695
1514	6697
1520	6701
1518	6703
1518	6706
1507	6708
1495	6710
1491	6713
1490	6715
1499	6717
1505	6720
1511	6722
1511	6725
1517	6727
1539	6729
1540	6732
1534	6734
1539	6737
1541	6739
1547	6742
1523	6745
1492	6747
1492	6750
1504	6752
1500	6754
1488	6757
1494	6759
1515	6762
1527	6764
1525	6766
1534	6769
1546	6771
1535	6774
1502	6776
1494	6778
1517	6781
1548	6784
1553	6787
1535	6789
1507	6791
1488	6794
1469	6796
1465	6798
1471	6801
1477	6803
1495	6806
1525	6808
1563	6810
1584	6813
1579	6815
1555	6818
1527	6820
1507	6822
1499	6825
1508	6828
1521	6831
1519	6833
1499	6835
1506	6838
1521	6840
1521	6843
1509	6845
1504	6847
1506	6850
1509	6852
1520	6855
1523	6857
1544	6859
1592	6862
1576	6864
1537	6867
1513	6870
1500	6872
1517	6875
1536	6877
1524	6880
1500	6882
1481	6884
1468	6887
1472	6889
1500	6891
1534	6894
1546	6896
1546	6899
1537	6901
1550	6903
1551	6906
1517	6908
1499	6912
1537	6914
1564	6916
1554	6919
1527	6921
1497	6924
1489	6926
1489	6928
1496	6931
1495	6933
1490	6936
1495	6938
1495	6940
1495	6943
1502	6945
1514	6948
1543	6950
1550	6952
1518	6956
1497	6958
1487	6961
1500	6963
1507	6965
1506	6968
1517	6970
1534	6972
1525	6975
1508	6977
1511	6980
1501	6982
1496	6984
1505	6987
1507	6989
1520	6992
1523	6994
1527	6996
1520	7000
1518	7002
1533	7005
1546	7007
1570	7009
1546	7012
1519	7014
1496	7017
1477	7019
1489	7021
1511	7024
1515	7026
1520	7029
1533	7031
1536	7033
1538	7036
1544	7038
1543	7042
1545	7044
1560	7046
1583	7049
1576	7051
1561	7054
1541	7056
1508	7058
1489	7061
1482	7063
1490	7065
1500	7068
1526	7070
1537	7073
1543	7075
1534	7077
1515	7080
1493	7083
1475	7086
1480	7088
1488	7090
1490	7093
1493	7095
1507	7098
1523	7100
1519	7102
1518	7105
1514	7107
1487	7110
1470	7112
1460	7114
1470	7117
1495	7119
1511	7122
1519	7124
1522	7127
1533	7130
1549	7132
1557	7135
1547	7137
1529	7139
1520	7142
1521	7144
1543	7146
1543	7149
1539	7151
1528	7154
1508	7156
1508	7158
1513	7161
1512	7163
1494	7166
1475	7169
1466	7171
1478	7174
1499	7176
1505	7179
1501	7181
1495	7183
1483	7186
1474	7188
1474	7191
1479	7193
1488	7195
1497	7198
1498	7200
1521	7203
1540	7205
1522	7207
1484	7211
1503	7213
1553	7216
1557	7218
1518	7220
1495	7223
1490	7225
1490	7227
1475	7230
1466	7232
1464	7235
1473	7237
1505	7239
1545	7242
1563	7244
1557	7247
1556	7249
1595	7251
1612	7255
1583	7257
1534	7260
1493	7262
1461	7264
1453	7267
1461	7269
1489	7272
1498	7274
1499	7276
1490	7279
1484	7281
1476	7284
1468	7286
1476	7288
1480	7291
1481	7293
1490	7297
1505	7299
1515	7301
1510	7304
1507	7306
1519	7308
1557	7311
1581	7313
1559	7316
1524	7318
1515	7320
1520	7323
1519	7325
1487	7328
1470	7330
1466	7332
1475	7335
1496	7337
1508	7341
1488	7343
1469	7345
1458	7348
1451	7350
1454	7353
1471	7355
1495	7357
1506	7360
1515	7362
1525	7365
1547	7367
1536	7369
1506	7372
1488	7374
1488	7377
1490	7379
1505	7382
1516	7385
1500	7387
1503	7389
1502	7392
1505	7394
1521	7397
1532	7399
1544	7401
1539	7404
1530	7406
1496	7409
1492	7411
1509	7413
1536	7416
1537	7418
1523	7421
1494	7424
1490	7426
1515	7429
1518	7431
1501	7434
1480	7436
1494	7438
1495	7441
1493	7443
1490	7446
1490	7448
1487	7450
1472	7453
1469	7455
1475	7458
1477	7460
1475	7462
1504	7465
1539	7468
1560	7470
1547	7473
1521	7475
1508	7478
1505	7480
1501	7482
1486	7485
1483	7487
1483	7490
1481	7492
1472	7494
1468	7497
1480	7499
1503	7502
1503	7504
1498	7506
1482	7510
1464	7512
1464	7515
1482	7517
1485	7519
1469	7522
1476	7524
1494	7527
1499	7529
1485	7531
1461	7534
1455	7536
1472	7539
1490	7541
1517	7543
1534	7546
1510	7548
1488	7550
1487	7554
1483	7556
1479	7559
1495	7561
1517	7563
1532	7566
1532	7568
1529	7571
1516	7573
1500	7575
1504	7578
1509	7580
1493	7583
1487	7585
1493	7587
1497	7590
1501	7592
1508	7596
1514	7598
1528	7600
1521	7603
1522	7605
1535	7608
1525	7610
1502	7612
1487	7615
1482	7617
1502	7620
1515	7622
1518	7624
1520	7627
1524	7629
1525	7632
1511	7634
1489	7636
1479	7640
1471	7642
1478	7644
1494	7647
1504	7649
1524	7652
1530	7654
1543	7656
1556	7659
1557	7661
1542	7664
1520	7666
1501	7668
1487	7671
1482	7673
1487	7676
1498	7678
1505	7681
1509	7684
1514	7686
1523	7689
1520	7691
1516	7693
1535	7696
1540	7698
1522	7701
1509	7703
1510	7705
1533	7708
1529	7710
1508	7713
1497	7715
1498	7717
1518	7720
1534	7723
1531	7725
1520	7728
1517	7730
1528	7733
1538	7735
1533	7737
1531	7740
1510	7742
1497	7745
1484	7747
1484	7749
1500	7752
1520	7754
1508	7757
1508	7759
1529	7761
1532	7764
1510	7767
1488	7770
1484	7772
1483	7774
1475	7777
1474	7779
1491	7782
1521	7784
1554	7786
1556	7789
1524	7791
1498	7794
1495	7796
1514	7798
1561	7801
1553	7803
1510	7805
1493	7809
1499	7811
1511	7814
1522	7816
1531	7818
1526	7821
1521	7823
1512	7826
1489	7828
1473	7830
1470	7833
1476	7835
1485	7838
1513	7840
1544	7842
1528	7845
1504	7847
1478	7851
1466	7853
1473	7855
1488	7858
1532	7860
1577	7863
1553	7865
1530	7867
1500	7870
1470	7872
1455	7875
1450	7877
1453	7879
1468	7882
1482	7884
1481	7886
1482	7889
1474	7891
1469	7895
1477	7897
1502	7899
1542	7902
1537	7904
1525	7907
1506	7909
1497	7911
1499	7914
1506	7916
1500	7919
1480	7921
1489	7923
1505	7926
1496	7928
1491	7931
1484	7933
1483	7936
1482	7939
1479	7941
1479	7944
1477	7946
1476	7948
1483	7951
1514	7953
1541	7956
1521	7958
1497	7960
1486	7963
1468	7965
1459	7967
1471	7970
1498	7972
1542	7975
1540	7977
1501	7980
1482	7983
1477	7985
1483	7988
1489	7990
1489	7992
1504	7995
1514	7997
1503	8000
1489	8002
1485	8004
1487	8007
1494	8009
1498	8012
1497	8014
1504	8016
1512	8019
1499	8022
1473	8025
1479	8027
1473	8029
1479	8032
1488	8034
1496	8037
1503	8039
1493	8041
1485	8044
1507	8046
1542	8048
1545	8051
1512	8053
1485	8056
1485	8058
1489	8060
1482	8064
1473	8066
1485	8069
1521	8071
1520	8073
1482	8076
1460	8078
1460	8081
1482	8083
1495	8085
1510	8088
1524	8090
1505	8093
1477	8095
1472	8097
1482	8100
1497	8102
1509	8105
1529	8108
1553	8110
1562	8113
1562	8115
1558	8118
1530	8120
1495	8122
1478	8125
1498	8127
1533	8129
1527	8132
1526	8134
1520	8137
1492	8139
1470	8141
1464	8144
1459	8146
1468	8150
1491	8152
1496	8154
1495	8157
1499	8159
1516	8162
1530	8164
1535	8166
1540	8169
1534	8171
1523	8174
1510	8176
1507	8178
1499	8181
1494	8183
1481	8186
1484	8188
1506	8190
1508	8194
1494	8196
1482	8199
1484	8201
1504	8203
1523	8206
1556	8208
1572	8210
1540	8213
1518	8215
1516	8218
1503	8220
1484	8222
1478	8225
1484	8227
1504	8230
1513	8232
1514	8235
1499	8238
1488	8240
1481	8243
1478	8245
1485	8247
1497	8250
1512	8252
1538	8255
1545	8257
1528	8259
1510	8262
1497	8264
1494	8267
1510	8269
1530	8271
1538	8274
1548	8276
1562	8280
1547	8282
1523	8284
1518	8287
1513	8289
1507	8291
1510	8294
1517	8296
1511	8299
1497	8301
1487	8303
1498	8306
1512	8308
1502	8311
1478	8313
1479	8315
1479	8318
1479	8321
1476	8324
1473	8326
1476	8328
1488	8331
1504	8333
1525	8336
1536	8338
1527	8340
1510	8343
1502	8345
1508	8348
1516	8350
1527	8352
1551	8355
1567	8357
1568	8360
1564	8363
1550	8365
1513	8368
1500	8370
1515	8372
1535	8375
1524	8377
1518	8380
1525	8382
1519	8384
1523	8387
1517	8389
1499	8392
1480	8394
1477	8396
1475	8399
1474	8401
1479	8404
1488	8407
1509	8409
1532	8412
1548	8414
1548	8417
1535	8419
1533	8421
1516	8424
1506	8426
1508	8429
1523	8431
1520	8433
1519	8436
1526	8438
1533	8441
1533	8443
1524	8445
1515	8449
1540	8451
1543	8453
1530	8456
1519	8458
1510	8461
1495	8463
1491	8465
1497	8468
1508	8470
1508	8473
1499	8475
1500	8477
1508	8480
1499	8482
1498	8485
1519	8487
1547	8489
1544	8493
1525	8495
1501	8498
1493	8500
1484	8502
1479	8505
1473	8507
1469	8510
1465	8512
1471	8514
1496	8517
1530	8519
1530	8522
1525	8524
1524	8526
1540	8529
1552	8531
1557	8534
1544	8537
1535	8539
1515	8542
1503	8544
1488	8546
1485	8549
1478	8551
1472	8554
1476	8556
1498	8558
1551	8561
1579	8563
1559	8566
1544	8568
1555	8570
1566	8573
1562	8576
1532	8579
1518	8581
1509	8583
1495	8586
1494	8588
1497	8591
1494	8593
1508	8595
1510	8598
1492	8600
1489	8603
1492	8605
1511	8607
1524	8610
1517	8612
1498	8614
1498	8617
1514	8620
1540	8623
1543	8625
1524	8627
1512	8630
1519	8632
1519	8635
1528	8637
1524	8639
1495	8642
1479	8644
1493	8647
1508	8649
1518	8651
1545	8654
1551	8656
1543	8659
1505	8662
1480	8664
1469	8667
1466	8669
1463	8672
1467	8674
1484	8676
1487	8679
1483	8681
1483	8684
1480	8686
1476	8688
1491	8691
1498	8693
1496	8695
1501	8698
1503	8700
1507	8704
1546	8706
1585	8708
1584	8711
1554	8713
1522	8716
1509	8718
1510	8720
1527	8723
1532	8725
1536	8728
1548	8730
1549	8732
1535	8735
1525	8737
1503	8740
1495	8742
1493	8744
1487	8748
1504	8750
1529	8753
1539	8755
1551	8757
1564	8760
1554	8762
1538	8765
1514	8767
1491	8769
1482	8772
1490	8774
1525	8776
1563	8779
1567	8781
1559	8784
1513	8786
1487	8788
1471	8792
1458	8794
1464	8797
1487	8799
1508	8801
1522	8804
1513	8806
1498	8809
1488	8811
1493	8813
1508	8816
1524	8818
1549	8821
1564	8823
1561	8825
1519	8828
1486	8830
1474	8834
1483	8836
1515	8838
1507	8841
1497	8843
1489	8846
1485	8848
1490	8850
1502	8853
1516	8855
1512	8857
1505	8860
1512	8862
1534	8865
1541	8867
1532	8869
1526	8872
1535	8875
1563	8878
1560	8880
1543	8882
1527	8885
1492	8887
1469	8890
1463	8892
1476	8894
1475	8897
1475	8899
1480	8902
1499	8904
1516	8906
1522	8909
1525	8911
1518	8914
1495	8916
1481	8919
1477	8922
1480	8924
1488	8927
1500	8929
1524	8931
1534	8934
1536	8936
1524	8938
1508	8941
1507	8943
1500	8946
1503	8948
1512	8950
1541	8953
1534	8955
1509	8958
1488	8961
1493	8963
1521	8966
1542	8968
1552	8971
1549	8973
1530	8975
1512	8978
1498	8980
1509	8983
1513	8985
1503	8987
1513	8990
1528	8992
1545	8995
1523	8997
1502	8999
1491	9003
1488	9005
1482	9008
1480	9010
1477	9012
1474	9015
1481	9017
1495	9019
1512	9022
1528	9024
1530	9027
1530	9029
1520	9031
1505	9034
1498	9036
1500	9039
1508	9041
1524	9043
1528	9047
1514	9049
1498	9052
1508	9054
1514	9056
1528	9059
1545	9061
1558	9064
1548	9066
1531	9068
1536	9071
1562	9073
1587	9076
1590	9078
1551	9080
1521	9083
1497	9085
1478	9089
1464	9091
1463	9093
1468	9096
1468	9098
1475	9100
1480	9103
1488	9105
1484	9108
1482	9110
1487	9112
1505	9115
1511	9117
1508	9120
1509	9122
1508	9124
1515	9127
1514	9129
1513	9133
1528	9135
1547	9137
1553	9140
1543	9142
1539	9145
1570	9147
1580	9149
1586	9152
1576	9154
1527	9157
1495	9159
1483	9161
1490	9164
1508	9166
1503	9169
1497	9171
1497	9174
1488	9177
1483	9179
1480	9181
1477	9184
1478	9186
1479	9189
1481	9191
1491	9193
1521	9196
1558	9198
1569	9201
1527	9203
1496	9205
1481	9208
1476	9210
1489	9213
1512	9216
1512	9218
1511	9221
1513	9223
1522	9226
1524	9228
1522	9230
1517	9233
1520	9235
1522	9238
1511	9240
1516	9242
1557	9245
1577	9247
1578	9250
1547	9252
1514	9254
1505	9257
1505	9260
1497	9263
1484	9265
1473	9267
1473	9270
1483	9272
1490	9274
1482	9277
1479	9279
1487	9282
1497	9284
1494	9286
1495	9289
1485	9291
1487	9294
1491	9296
1490	9298
1477	9302
1480	9304
1494	9307
1493	9309
1489	9311
1484	9314
1474	9316
1474	9319
1468	9321
1473	9323
1500	9326
1538	9328
1544	9331
1540	9333
1519	9335
1490	9338
1474	9340
1473	9344
1490	9346
1521	9348
1528	9351
1507	9353
1490	9356
1493	9358
1495	9360
1497	9363
1488	9365
1470	9367
1469	9370
1481	9372
1497	9375
1516	9377
1509	9379
1486	9382
1482	9384
1484	9388
1498	9390
1514	9392
1530	9395
1513	9397
1498	9400
1482	9402
1488	9404
1508	9407
1497	9409
1488	9412
1499	9414
1513	9416
1510	9419
1509	9421
1501	9424
1491	9426
1492	9428
1506	9432
1516	9434
1513	9437
1502	9439
1498	9441
1493	9444
1479	9446
1471	9449
1477	9451
1490	9453
1514	9456
1509	9458
1481	9460
1469	9463
1472	9465
1481	9468
1506	9470
1528	9473
1575	9476
1593	9478
1547	9481
1519	9483
1525	9485
1528	9488
1515	9490
1501	9493
1495	9495
1507	9497
1519	9500
1522	9502
1525	9505
1524	9507
1502	9509
1491	9512
1498	9515
1510	9518
1516	9520
1515	9522
1508	9525
1507	9527
1513	9530
1511	9532
1505	9534
1502	9537
1506	9539
1510	9542
1514	9544
1523	9546
1533	9549
1533	9551
1513	9554
1504	9556
1508	9559
1517	9562
1541	9564
1549	9567
1562	9569
1589	9571
1601	9574
1561	9576
1529	9578
1524	9581
1559	9583
1611	9586
1607	9588
1578	9590
1529	9593
1502	9595
1483	9598
1477	9601
1484	9603
1488	9606
1479	9608
1474	9611
1470	9613
1467	9615
1464	9618
1463	9620
1465	9623
1474	9625
1480	9627
1486	9630
1495	9632
1509	9635
1515	9637
1520	9639
1527	9643
1525	9645
1508	9648
1481	9650
1477	9652
1491	9655
1503	9657
1506	9660
1491	9662
1481	9664
1482	9667
1478	9669
1486	9671
1497	9674
1493	9676
1482	9679
1488	9681
1496	9683
1498	9687
1489	9689
1475	9692
1469	9694
1465	9696
1469	9699
1476	9701
1480	9704
1480	9706
1488	9708
1494	9711
1495	9713
1508	9716
1535	9718
1532	9720
1513	9723
1507	9725
1490	9729
1481	9731
1480	9733
1486	9736
1493	9738
1499	9741
1500	9743
1503	9745
1511	9748
1516	9750
1523	9752
1520	9755
1512	9757
1490	9760
1475	9762
1475	9764
1487	9767
1500	9769
1503	9773
1500	9775
1501	9777
1489	9780
1480	9782
1485	9785
1495	9787
1497	9789
1503	9792
1508	9794
1519	9797
1521	9799
1529	9801
1534	9804
1542	9806
1547	9809
1540	9811
1518	9814
1502	9817
1500	9819
1501	9822
1512	9824
1525	9826
1531	9829
1525	9831
1522	9833
1533	9836
1539	9838
1522	9841
1516	9843
1522	9845
1551	9848
1560	9850
1554	9853
1543	9856
1553	9858
1554	9861
1543	9863
1512	9866
1504	9868
1503	9870
1517	9873
1533	9875
1511	9878
1498	9880
1492	9882
1496	9885
1490	9887
1490	9890
1494	9892
1504	9894
1521	9897
1533	9900
1526	9903
1534	9905
1538	9907
1529	9910
1509	9912
1492	9914
1489	9917
1498	9919
1497	9922
1492	9924
1504	9926
1519	9929
1545	9931
1541	9934
1515	9936
1500	9938
1492	9942
1495	9944
1509	9947
1522	9949
1527	9951
1520	9954
1523	9956
1514	9959
1502	9961
1503	9963
1510	9966
1506	9968
1490	9971
1479	9973
1472	9975
1473	9978
1492	9980
1508	9984
1525	9986
1548	9988
1558	9991
1542	9993
1532	9995
1524	9998
1517	10000
1502	10003
1500	10005
1501	10008
1499	10010
1497	10012
1500	10015
1497	10017
1512	10020
1533	10022
1543	10025
1545	10028
1528	10031
1505	10033
1499	10035
1502	10038
1505	10040
1501	10043
1512	10045
1532	10048
1530	10050
1510	10053
1504	10055
1513	10058
1535	10060
1548	10062
1540	10065
1520	10067
1502	10071
1498	10073
1502	10076
1512	10078
1507	10081
1496	10083
1498	10085
1501	10088
1499	10090
1509	10093
1532	10095
1556	10098
1575	10100
1546	10103
1512	10105
1504	10107
1489	10110
1479	10113
1483	10116
1500	10118
1515	10121
1521	10123
1533	10126
1518	10128
1497	10130
1489	10133
1495	10135
1500	10138
1507	10140
1539	10143
1571	10145
1568	10148
1535	10150
1517	10152
1505	10156
1500	10158
1499	10161
1494	10163
1498	10166
1511	10168
1522	10171
1517	10173
1501	10175
1501	10178
1511	10180
1545	10183
1582	10185
1578	10188
1559	10190
1536	10193
1524	10195
1517	10198
1500	10201
1491	10203
1494	10206
1495	10208
1495	10211
1501	10213
1519	10216
1539	10218
1544	10220
1545	10223
1527	10225
1514	10228
1514	10230
1519	10233
1537	10235
1529	10238
1514	10241
1506	10243
1523	10246
1538	10248
1535	10251
1532	10253
1540	10256
1537	10258
1518	10261
1511	10263
1507	10265
1514	10268
1532	10270
1560	10273
1586	10275
1562	10278
1535	10280
1529	10284
1556	10286
1563	10288
1543	10291
1522	10293
1515	10296
1504	10298
1493	10301
1492	10303
1503	10306
1519	10308
1525	10310
1510	10313
1510	10315
1519	10318
1520	10320
1522	10323
1519	10326
1497	10329
1482	10331
1476	10333
1490	10336
1516	10338
1534	10341
1535	10343
1530	10346
1519	10348
1506	10351
1486	10353
1480	10355
1494	10358
1521	10360
1546	10363
1528	10365
1509	10369
1493	10371
1482	10374
1487	10376
1499	10378
1514	10381
1527	10383
1548	10386
1564	10388
1544	10391
1527	10393
1531	10396
1530	10398
1534	10400
1514	10403
1491	10405
1484	10408
1479	10411
1479	10414
1491	10416
1489	10419
1483	10421
1483	10423
1487	10426
1499	10428
1514	10431
1550	10433
1575	10436
1546	10438
1519	10441
1502	10443
1500	10445
1509	10448
1509	10450
1495	10454
1501	10456
1526	10459
1530	10461
1515	10464
1520	10466
1523	10468
1529	10471
1523	10473
1509	10476
1514	10478
1530	10481
1533	10483
1517	10486
1502	10488
1487	10490
1482	10493
1489	10496
1507	10499
1528	10501
1548	10504
1546	10506
1520	10509
1507	10511
1511	10513
1507	10516
1518	10518
1522	10521
1529	10523
1519	10526