1505	2
1506	5
1505	7
1505	9
1506	11
1506	14
1506	16
1506	18
1507	20
1508	23
1508	25
1508	27
1507	30
1506	32
1505	34
1505	36
1505	39
1505	41
1505	44
1505	47
1505	49
1506	51
1506	53
1509	56
1512	58
1519	60
1524	63
1524	65
1520	67
1518	70
1514	72
1511	74
1510	76
1509	79
1508	81
1506	83
1505	87
1507	89
1508	91
1506	93
1504	96
1504	98
1503	100
1504	103
1505	105
1506	107
1507	110
1506	112
1505	114
1503	117
1502	119
1501	121
1502	124
1503	126
1504	129
1504	132
1505	134
1508	137
1511	139
1513	141
1514	144
1514	146
1513	148
1512	151
1512	153
1511	155
1510	158
1509	160
1510	162
1511	165
1513	167
1514	169
1515	173
1516	175
1518	177
1519	180
1520	182
1521	184
1522	187
1523	189
1522	191
1521	194
1520	196
1520	198
1520	201
1519	203
1519	206
1520	208
1521	210
1519	214
1518	216
1517	218
1516	221
1514	223
1512	225
1511	228
1510	230
1509	232
1510	235
1511	237
1511	239
1510	242
1509	244
1508	246
1510	249
1511	251
1512	253
1513	257
1513	259
1512	261
1513	264
1513	266
1515	268
1518	271
1520	273
1523	276
1526	278
1525	280
1522	283
1520	285
1518	287
1515	290
1511	292
1508	294
1505	297
1504	300
1503	302
1503	305
1506	307
1508	309
1509	312
1508	314
1509	316
1511	319
1514	321
1517	323
1520	326
1521	328
1519	330
1514	333
1511	335
1509	337
1509	340
1509	343
1509	346
1510	348
1513	350
1516	353
1520	355
1522	357
1522	360
1520	362
1519	364
1519	367
1521	369
1524	371
1526	374
1526	376
1523	378
1522	381
1521	384
1521	386
1520	389
1519	391
1519	393
1519	396
1519	398
1520	400
1520	403
1519	405
1519	407
1520	410
1522	412
1525	415
1526	417
1525	419
1525	422
1525	424
1523	427
1522	430
1522	432
1524	434
1524	437
1522	439
1520	441
1519	444
1519	446
1520	448
1519	451
1517	453
1516	455
1513	458
1512	460
1511	462
1511	465
1512	467
1512	470
1512	473
1513	475
1513	477
1516	480
1518	482
1518	485
1517	487
1517	489
1519	492
1521	494
1522	496
1523	499
1523	501
1523	503
1522	506
1520	508
1519	510
1518	514
1516	516
1513	518
1512	521
1511	523
1511	525
1511	528
1511	530
1513	532
1513	535
1512	537
1510	539
1508	542
1506	544
1505	546
1505	549
1507	551
1509	555
1510	557
1511	559
1511	562
1509	564
1509	566
1510	569
1511	571
1510	573
1510	576
1511	578
1512	580
1511	583
1509	585
1507	587
1506	590
1506	592
1506	594
1505	598
1505	600
1505	602
1507	605
1510	607
1512	609
1511	612
1511	614
1510	616
1513	619
1513	621
1514	624
1511	626
1510	628
1507	631
1504	633
1502	635
1501	638
1501	641
1502	643
1503	646
1504	648
1505	650
1508	653
1510	655
1510	657
1510	660
1512	662
1511	664
1511	667
1511	669
1509	671
1507	674
1508	676
1509	678
1511	681
1510	684
1508	686
1504	689
1503	691
1503	694
1504	696
1507	698
1509	701
1512	703
1511	705
1511	708
1511	710
1510	712
1508	715
1505	717
1504	719
1504	722
1503	724
1502	727
1502	730
1503	732
1506	734
1510	737
1511	739
1511	741
1511	744
1509	746
1507	748
1505	751
1505	753
1504	755
1503	758
1502	760
1501	763
1502	765
1504	768
1506	771
1506	773
1506	775
1506	778
1504	780
1503	782
1503	785
1503	787
1502	789
1503	792
1505	794
1507	796
1508	799
1506	801
1505	803
1504	806
1504	808
1504	811
1504	814
1503	816
1502	818
1503	821
1504	823
1505	825
1508	828
1510	830
1510	833
1508	835
1506	837
1505	840
1506	842
1506	844
1507	847
1510	849
1512	851
1511	855
1508	857
1506	859
1508	862
1513	864
1517	866
1517	869
1513	871
1509	873
1507	876
1507	878
1507	880
1507	883
1507	885
1507	887
1507	890
1508	892
1509	894
1510	898
1514	900
1522	903
1526	905
1528	907
1522	910
1517	912
1514	914
1513	917
1511	919
1510	921
1510	924
1510	926
1510	928
1510	931
1510	933
1511	935
1511	939
1513	941
1516	943
1519	946
1519	948
1517	950
1517	953
1517	955
1515	957
1513	960
1511	962
1511	964
1510	967
1510	969
1509	972
1508	974
1508	976
1509	979
1510	982
1513	984
1517	987
1519	989
1521	991
1521	994
1520	996
1518	998
1517	1001
1518	1003
1516	1005
1513	1008
1512	1010
1511	1013
1510	1015
1510	1017
1511	1020
1510	1022
1509	1026
1510	1028
1512	1030
1512	1033
1511	1035
1510	1038
1509	1040
1508	1042
1510	1045
1510	1047
1511	1050
1511	1052
1512	1054
1513	1057
1514	1059
1515	1061
1514	1064
1512	1067
1510	1070
1510	1072
1511	1074
1511	1077
1511	1079
1512	1082
1512	1084
1511	1086
1510	1089
1509	1091
1510	1094
1511	1096
1513	1098
1514	1101
1516	1103
1518	1106
1519	1108
1515	1111
1513	1114
1512	1116
1513	1119
1514	1121
1512	1123
1510	1126
1508	1128
1507	1131
1505	1133
1503	1135
1502	1138
1502	1140
1501	1143
1500	1145
1501	1147
1501	1150
1500	1153
1500	1155
1500	1158
1500	1160
1500	1163
1500	1165
1501	1167
1503	1170
1505	1172
1507	1175
1509	1177
1509	1179
1508	1182
1507	1184
1507	1187
1506	1189
1507	1191
1510	1195
1513	1197
1514	1200
1514	1202
1516	1204
1516	1207
1515	1209
1512	1212
1510	1214
1509	1216
1508	1219
1508	1221
1506	1224
1506	1226
1505	1228
1505	1231
1505	1233
1505	1235
1504	1239
1503	1241
1502	1244
1502	1246
1503	1248
1503	1251
1504	1253
1505	1256
1505	1258
1506	1260
1509	1263
1511	1265
1510	1268
1509	1270
1509	1272
1511	1275
1513	1277
1514	1281
1514	1283
1513	1285
1512	1288
1511	1290
1509	1293
1509	1295
1508	1297
1508	1300
1509	1302
1512	1305
1514	1307
1516	1309
1515	1312
1516	1314
1516	1316
1514	1319
1512	1321
1510	1325
1509	1327
1508	1329
1508	1332
1508	1334
1508	1337
1509	1339
1509	1341
1508	1344
1507	1346
1508	1349
1510	1351
1510	1353
1510	1356
1511	1358
1512	1361
1513	1363
1513	1366
1513	1369
1511	1371
1509	1374
1507	1376
1506	1378
1505	1381
1504	1383
1503	1386
1503	1388
1503	1390
1504	1393
1504	1395
1505	1397
1506	1400
1506	1402
1507	1405
1508	1408
1511	1410
1513	1413
1514	1415
1515	1418
1517	1420
1519	1422
1517	1425
1516	1427
1516	1430
1514	1432
1513	1434
1512	1437
1511	1439
1511	1442
1512	1444
1513	1446
1514	1449
1515	1452
1516	1455
1518	1457
1521	1459
1519	1462
1516	1464
1513	1467
1512	1469
1511	1471
1510	1474
1511	1476
1512	1478
1513	1481
1514	1483
1514	1486
1515	1488
1515	1490
1516	1494
1516	1496
1517	1499
1519	1501
1520	1503
1521	1506
1519	1508
1517	1511
1516	1513
1516	1515
1519	1518
1520	1520
1520	1523
1520	1525
1520	1527
1519	1530
1518	1532
1517	1536
1517	1538
1517	1540
1518	1543
1520	1545
1522	1548
1523	1550
1522	1552
1521	1555
1518	1557
1517	1559
1516	1562
1515	1564
1514	1567
1514	1569
1514	1571
1514	1574
1515	1576
1515	1580
1516	1582
1517	1584
1517	1587
1517	1589
1517	1592
1518	1594
1517	1596
1517	1599
1517	1601
1518	1604
1520	1606
1521	1608
1521	1611
1519	1613
1520	1616
1522	1618
1523	1620
1523	1624
1522	1626
1519	1629
1515	1631
1513	1633
1513	1636
1512	1638
1512	1640
1511	1643
1512	1645
1513	1648
1512	1650
1512	1652
1512	1655
1512	1657
1513	1660
1513	1662
1514	1665
1515	1668
1513	1670
1511	1673
1510	1675
1510	1677
1510	1680
1511	1682
1511	1685
1510	1687
1509	1689
1508	1692
1508	1694
1509	1697
1509	1699
1510	1701
1512	1704
1513	1707
1513	1710
1511	1712
1509	1714
1507	1717
1507	1719
1507	1721
1507	1724
1508	1726
1510	1729
1513	1731
1514	1733
1515	1736
1514	1738
1513	1741
1511	1743
1509	1745
1507	1748
1507	1751
1507	1754
1509	1756
1511	1758
1513	1761
1513	1763
1512	1766
1512	1768
1511	1770
1511	1773
1511	1775
1509	1778
1507	1780
1506	1782
1505	1785
1506	1787
1507	1790
1508	1793
1508	1795
1508	1798
1508	1800
1508	1802
1509	1805
1511	1807
1511	1810
1511	1812
1511	1814
1511	1817
1511	1819
1512	1822
1513	1824
1512	1826
1511	1829
1511	1831
1514	1835
1517	1837
1517	1839
1516	1842
1513	1844
1511	1847
1510	1849
1508	1851
1507	1854
1507	1856
1508	1859
1512	1861
1515	1863
1517	1866
1516	1868
1514	1871
1513	1873
1511	1875
1511	1879
1511	1881
1511	1883
1512	1886
1513	1888
1513	1891
1511	1893
1509	1895
1508	1898
1507	1900
1507	1903
1508	1905
1509	1907
1512	1910
1514	1912
1513	1915
1511	1917
1509	1920
1508	1923
1507	1925
1507	1928
1508	1930
1508	1932
1507	1935
1507	1937
1506	1940
1506	1942
1506	1944
1508	1947
1509	1949
1513	1952
1515	1954
1515	1956
1513	1959
1510	1961
1509	1964
1509	1967
1510	1969
1512	1972
1514	1974
1513	1976
1513	1979
1512	1981
1511	1984
1511	1986
1511	1988
1511	1991
1508	1993
1507	1996
1506	1998
1508	2000
1511	2003
1514	2006
1512	2009
1510	2011
1507	2013
1506	2016
1505	2018
1506	2021
1507	2023
1509	2025
1510	2028
1511	2030
1511	2033
1511	2035
1511	2037
1508	2040
1507	2042
1505	2044
1503	2048
1502	2050
1502	2053
1503	2055
1503	2057
1503	2060
1502	2062
1501	2065
1502	2067
1504	2069
1505	2072
1506	2074
1505	2077
1506	2079
1507	2081
1511	2084
1513	2086
1511	2089
1509	2092
1506	2094
1504	2097
1504	2099
1505	2102
1509	2104
1513	2106
1513	2109
1510	2111
1505	2114
1503	2116
1502	2118
1502	2121
1503	2123
1504	2125
1505	2128
1505	2130
1503	2134
1502	2136
1501	2138
1502	2141
1502	2143
1503	2146
1505	2148
1506	2150
1508	2153
1509	2155
1510	2158
1511	2160
1511	2162
1512	2165
1513	2167
1513	2170
1513	2172
1513	2174
1514	2178
1516	2180
1517	2183
1516	2185
1515	2187
1513	2190
1510	2192
1508	2195
1508	2197
1509	2199
1509	2202
1506	2204
1504	2206
1502	2209
1502	2211
1502	2214
1502	2216
1502	2219
1505	2222
1508	2224
1508	2227
1504	2229
1498	2231
1496	2234
1498	2236
1504	2239
1505	2241
1499	2243
1491	2246
1484	2248
1482	2251
1484	2253
1491	2255
1502	2258
1514	2260
1522	2264
1525	2266
1528	2268
1531	2271
1534	2273
1540	2276
1550	2278
1560	2280
1569	2283
1579	2285
1593	2287
1599	2290
1590	2292
1579	2295
1568	2297
1567	2299
1566	2302
1562	2305
1550	2308
1538	2310
1528	2312
1517	2315
1505	2317
1498	2320
1492	2322
1489	2324
1489	2327
1487	2329
1479	2332
1468	2334
1452	2336
1437	2339
1430	2341
1430	2344
1436	2347
1442	2349
1447	2352
1441	2354
1428	2357
1421	2359
1414	2361
1409	2364
1404	2366
1409	2369
1422	2371
1440	2373
1445	2376
1451	2378
1452	2380
1438	2383
1423	2385
1417	2388
1416	2391
1414	2393
1408	2396
1412	2398
1426	2401
1448	2403
1457	2405
1460	2408
1453	2410
1438	2413
1423	2415
1413	2417
1410	2420
1412	2422
1422	2425
1432	2427
1441	2429
1455	2433
1466	2435
1468	2438
1470	2440
1473	2442
1484	2445
1509	2447
1527	2449
1533	2452
1536	2454
1539	2457
1540	2459
1537	2461
1532	2464
1529	2466
1532	2469
1534	2471
1531	2473
1541	2477
1553	2479
1559	2482
1570	2484
1584	2486
1588	2489
1584	2491
1577	2494
1572	2496
1571	2498
1574	2501
1591	2503
1618	2506
1635	2508
1644	2510
1630	2513
1614	2515
1611	2519
1609	2521
1611	2523
1615	2526
1620	2528
1632	2530
1644	2533
1643	2535
1627	2538
1607	2540
1599	2542
1603	2545
1612	2547
1603	2550
1600	2552
1604	2554
1610	2557
1610	2560
1617	2563
1618	2565
1609	2567
1603	2570
1624	2572
1644	2575
1664	2577
1661	2579
1649	2582
1632	2584
1613	2587
1595	2589
1594	2591
1598	2594
1598	2596
1593	2599
1586	2601
1576	2604
1568	2607
1570	2609
1577	2611
1579	2614
1591	2616
1599	2619
1606	2621
1598	2623
1590	2626
1589	2628
1591	2631
1595	2633
1591	2635
1599	2638
1636	2640
1666	2643
1687	2646
1677	2648
1657	2651
1643	2653
1638	2656
1638	2658
1632	2660
1625	2663
1609	2665
1592	2668
1582	2670
1572	2672
1570	2675
1575	2677
1586	2680
1595	2682
1595	2684
1587	2688
1579	2690
1577	2692
1569	2695
1563	2697
1566	2700
1581	2702
1607	2704
1612	2707
1615	2709
1613	2712
1611	2714
1600	2716
1595	2719
1610	2721
1630	2724
1628	2726
1620	2728
1613	2732
1606	2734
1590	2737
1579	2739
1567	2741
1554	2744
1550	2746
1543	2749
1535	2751
1548	2753
1565	2756
1569	2758
1560	2761
1540	2763
1531	2765
1520	2768
1503	2770
1502	2772
1510	2776
1516	2778
1537	2781
1546	2783
1528	2785
1514	2788
1510	2790
1511	2793
1509	2795
1498	2797
1493	2800
1497	2802
1510	2805
1523	2807
1527	2809
1513	2812
1509	2814
1515	2818
1507	2820
1499	2822
1494	2825
1494	2827
1498	2830
1515	2832
1525	2834
1526	2837
1519	2839
1510	2842
1509	2844
1514	2846
1524	2849
1519	2851
1526	2853
1539	2856
1544	2859
1548	2862
1533	2864
1528	2866
1516	2869
1514	2871
1528	2874
1536	2876
1531	2878
1527	2881
1523	2883
1512	2886
1501	2888
1500	2890
1511	2893
1524	2895
1514	2898
1492	2900
1495	2903
1505	2906
1510	2908
1521	2911
1527	2913
1527	2915
1508	2918
1483	2920
1471	2923
1467	2925
1469	2927
1478	2930
1486	2932
1485	2934
1488	2937
1498	2939
1495	2942
1481	2945
1471	2947
1467	2950
1476	2952
1491	2955
1501	2957
1509	2959
1512	2962
1514	2964
1508	2967
1497	2969
1508	2971
1528	2974
1529	2976
1527	2979
1525	2981
1519	2983
1507	2987
1499	2989
1494	2992
1471	2994
1456	2996
1452	2999
1450	3001
1447	3004
1453	3006
1465	3008
1469	3011
1473	3013
1476	3015
1487	3018
1509	3020
1527	3023
1533	3025
1544	3027
1546	3031
1548	3033
1533	3036
1523	3038
1531	3040
1548	3043
1542	3045
1524	3048
1507	3050
1503	3052
1494	3055
1503	3057
1538	3060
1550	3062
1529	3064
1523	3067
1511	3069
1501	3073
1493	3075
1492	3077
1487	3080
1476	3082
1471	3085
1473	3087
1488	3089
1505	3092
1492	3094
1471	3096
1467	3099
1486	3101
1496	3104
1498	3106
1505	3108
1524	3111
1530	3113
1510	3117
1493	3119
1494	3121
1500	3124
1499	3126
1502	3129
1504	3131
1488	3133
1485	3136
1484	3138
1486	3141
1501	3143
1513	3145
1520	3148
1517	3150
1504	3153
1495	3155
1487	3158
1472	3161
1465	3163
1471	3166
1471	3168
1479	3170
1483	3173
1487	3175
1499	3178
1533	3180
1560	3182
1556	3185
1537	3187
1510	3189
1494	3192
1486	3194
1482	3197
1493	3200
1518	3202
1530	3205
1534	3207
1539	3210
1554	3212
1564	3214
1578	3217
1581	3219
1571	3222
1555	3224
1540	3226
1520	3229
1504	3231
1500	3234
1502	3236
1504	3238
1507	3241
1511	3244
1508	3247
1497	3249
1489	3251
1485	3254
1490	3256
1506	3259
1525	3261
1536	3263
1549	3266
1551	3268
1535	3271
1524	3273
1521	3275
1515	3278
1516	3280
1511	3282
1497	3286
1486	3288
1482	3291
1489	3293
1492	3295
1500	3298
1511	3300
1529	3303
1532	3305
1539	3307
1562	3310
1580	3312
1567	3315
1539	3317
1515	3319
1503	3322
1514	3324
1519	3328
1507	3330
1504	3332
1508	3335
1501	3337
1496	3340
1503	3342
1503	3344
1497	3347
1496	3349
1488	3352
1483	3354
1494	3356
1500	3359
1497	3361
1487	3363
1493	3366
1503	3368
1524	3372
1540	3374
1543	3376
1530	3379
1503	3381
1479	3384
1469	3386
1465	3388
1467	3391
1478	3393
1484	3396
1480	3398
1483	3400
1495	3403
1500	3405
1497	3408
1484	3410
1481	3412
1478	3416
1478	3418
1493	3421
1486	3423
1465	3425
1452	3428
1457	3430
1479	3433
1494	3435
1496	3437
1510	3440
1522	3442
1521	3444
1514	3447
1510	3449
1501	3452
1499	3454
1527	3457
1563	3460
1558	3462
1544	3465
1530	3467
1524	3469
1511	3472
1497	3474
1482	3477
1474	3479
1482	3481
1489	3484
1491	3486
1475	3489
1458	3491
1455	3493
1458	3496
1471	3499
1482	3502
1493	3504
1496	3506
1486	3509
1473	3511
1471	3513
1484	3516
1499	3518
1489	3521
1496	3523
1511	3525
1521	3528
1517	3530
1505	3533
1494	3535
1501	3537
1506	3540
1505	3543
1500	3546
1517	3548
1521	3550
1512	3553
1507	3555
1499	3558
1498	3560
1500	3562
1487	3565
1478	3567
1459	3570
1451	3572
1448	3574
1457	3577
1462	3579
1472	3582
1500	3585
1500	3587
1483	3590
1480	3592
1486	3595
1486	3597
1480	3599
1487	3602
1492	3604
1487	3606
1483	3609
1473	3611
1479	3614
1478	3616
1482	3618
1493	3621
1494	3623
1484	3627
1467	3629
1474	3631
1513	3634
1528	3636
1519	3639
1500	3641
1480	3643
1482	3646
1499	3648
1540	3651
1574	3653
1567	3655
1555	3658
1528	3660
1513	3663
1485	3665
1471	3667
1458	3671
1453	3673
1456	3676
1456	3678
1465	3680
1481	3683
1483	3685
1483	3687
1498	3690
1520	3692
1519	3695
1513	3697
1506	3699
1492	3702
1484	3704
1488	3707
1489	3709
1521	3712
1544	3715
1529	3717
1507	3720
1487	3722
1489	3724
1505	3727
1518	3729
1510	3732
1502	3734
1494	3736
1492	3739
1484	3741
1485	3744
1493	3746
1491	3748
1488	3751
1494	3753
1500	3757
1513	3759
1526	3761
1526	3764
1526	3766
1528	3768
1510	3771
1497	3773
1487	3776
1482	3778
1476	3780
1473	3783
1478	3785
1471	3788
1456	3790
1452	3792
1453	3795
1457	3798
1487	3801
1519	3803
1513	3805
1490	3808
1473	3810
1485	3813
1513	3815
1514	3817
1511	3820
1503	3822
1497	3825
1514	3827
1525	3829
1519	3832
1511	3834
1504	3837
1509	3840
1516	3842
1508	3845
1514	3847
1512	3849
1509	3852
1498	3854
1490	3857
1494	3859
1485	3861
1476	3864
1469	3866
1478	3869
1492	3871
1515	3873
1505	3876
1492	3878
1488	3881
1486	3884
1498	3886
1526	3889
1522	3891
1500	3894
1485	3896
1483	3898
1496	3901
1521	3903
1520	3906
1502	3908
1496	3910
1496	3913
1491	3915
1501	3918
1506	3920
1524	3922
1529	3926
1505	3928
1491	3930
1491	3933
1514	3935
1557	3938
1568	3940
1545	3942
1506	3945
1495	3947
1496	3950
1504	3952
1500	3954
1492	3957
1493	3959
1493	3962
1491	3964
1484	3966
1467	3970
1476	3972
1500	3975
1512	3977
1500	3979
1497	3982
1501	3984
1498	3987
1498	3989
1513	3991
1531	3994
1527	3996
1524	3999
1529	4001
1529	4003
1518	4006
1505	4008
1489	4011
1484	4014
1488	4016
1489	4019
1503	4021
1519	4023
1517	4026
1493	4028
1481	4031
1468	4033
1473	4035
1486	4038
1488	4040
1467	4043
1457	4045
1459	4047
1473	4050
1493	4052
1515	4056
1556	4058
1580	4060
1556	4063
1528	4065
1514	4068
1521	4070
1517	4072
1513	4075
1518	4077
1509	4080
1503	4082
1492	4084
1477	4087
1454	4089
1445	4091
1450	4094
1464	4097
1470	4100
1468	4102
1468	4104
1472	4107
1491	4109
1494	4112
1493	4114
1480	4116
1475	4119
1483	4121
1494	4124
1498	4126
1503	4128
1525	4131
1541	4133
1530	4136
1528	4139
1537	4141
1525	4144
1508	4146
1501	4149
1499	4151
1507	4153
1532	4156
1528	4158
1519	4161
1505	4163
1492	4165
1480	4168
1486	4170
1506	4172
1514	4175
1500	4177
1488	4180
1474	4183
1479	4185
1483	4188
1480	4190
1482	4193
1479	4195
1479	4197
1484	4200
1495	4202
1497	4205
1484	4207
1483	4209
1475	4212
1488	4214
1493	4217
1487	4219
1487	4221
1498	4225
1514	4227
1535	4230
1558	4232
1545	4234
1513	4237
1499	4239
1489	4242
1483	4244
1470	4246
1470	4249
1477	4251
1485	4253
1491	4256
1495	4258
1493	4261
1491	4263
1506	4265
1531	4269
1554	4271
1530	4274
1504	4276
1495	4278
1497	4281
1501	4283
1516	4286
1510	4288
1494	4290
1496	4293
1501	4295
1499	4298
1492	4300
1498	4302
1497	4305
1494	4307
1495	4311
1484	4313
1474	4315
1473	4318
1484	4320
1478	4323
1469	4325
1473	4327
1496	4330
1530	4332
1533	4334
1519	4337
1520	4339
1505	4342
1488	4344
1467	4346
1463	4349
1475	4352
1489	4355
1492	4357
1481	4359
1471	4362
1465	4364
1480	4367
1496	4369
1504	4371
1500	4374
1491	4376
1496	4379
1506	4381
1504	4383
1485	4386
1490	4388
1510	4391
1507	4393
1508	4396
1503	4399
1491	4401
1484	4404
1478	4406
1473	4408
1471	4411
1487	4413
1521	4416
1523	4418
1528	4420
1533	4423
1538	4425
1528	4427
1507	4430
1499	4432
1487	4435
1481	4438
1475	4440
1473	4443
1482	4445
1495	4448
1489	4450
1487	4452
1487	4455
1483	4457
1489	4460
1495	4462
1497	4464
1492	4467
1491	4469
1494	4472
1502	4474
1508	4476
1512	4480
1508	4482
1504	4485
1505	4487
1519	4489
1528	4492
1528	4494
1547	4497
1567	4499
1561	4501
1533	4504
1515	4506
1510	4508
1515	4511
1523	4513
1513	4516
1492	4518
1481	4520
1487	4524
1506	4526
1511	4529
1518	4531
1520	4533
1524	4536
1513	4538
1496	4541
1481	4543
1478	4545
1480	4548
1489	4550
1493	4553
1493	4555
1487	4557
1475	4560
1479	4562
1492	4566
1507	4568
1521	4570
1528	4573
1530	4575
1545	4578
1553	4580
1543	4582
1524	4585
1505	4587
1496	4590
1499	4592
1519	4594
1536	4597
1537	4599
1514	4601
1503	4604
1515	4606
1553	4610
1554	4612
1539	4614
1528	4617
1510	4619
1496	4622
1489	4624
1496	4626
1496	4629
1492	4631
1492	4634
1499	4636
1500	4638
1494	4641
1482	4643
1475	4646
1479	4648
1490	4651
1502	4654
1514	4656
1529	4659
1534	4661
1534	4663
1527	4666
1526	4668
1524	4671
1521	4673
1520	4675
1529	4678
1540	4680
1534	4682
1525	4685
1510	4687
1498	4690
1499	4692
1504	4695
1506	4698
1511	4700
1506	4703
1508	4705
1516	4707
1495	4710
1480	4712
1479	4715
1485	4717
1494	4719
1509	4722
1521	4724
1513	4727
1516	4729
1502	4731
1488	4734
1485	4737
1486	4740
1489	4742
1488	4744
1479	4747
1494	4749
1508	4752
1507	4754
1505	4756
1500	4759
1502	4761
1519	4763
1521	4766
1516	4768
1504	4771
1492	4773
1511	4775
1542	4779
1548	4781
1535	4784
1501	4786
1494	4788
1495	4791
1493	4793
1488	4796
1482	4798
1481	4800
1487	4803
1488	4805
1492	4808
1491	4810
1497	4812
1517	4815
1525	4817
1516	4820
1506	4823
1508	4825
1516	4828
1523	4830
1516	4833
1511	4835
1509	4837
1507	4840
1505	4842
1500	4844
1492	4847
1491	4849
1491	4852
1497	4854
1513	4856
1515	4859
1508	4861
1496	4865
1502	4867
1506	4869
1498	4872
1496	4874
1504	4877
1508	4879
1490	4881
1478	4884
1469	4886
1471	4889
1481	4891
1495	4893
1509	4896
1528	4898
1550	4901
1549	4903
1536	4905
1517	4909
1490	4911
1485	4914
1494	4916
1505	4918
1527	4921
1521	4923
1501	4925
1497	4928
1504	4930
1506	4933
1504	4935
1502	4937
1500	4940
1507	4942
1507	4945
1504	4947
1509	4950
1511	4953
1499	4955
1491	4958
1494	4960
1507	4962
1509	4965
1500	4967
1480	4970
1470	4972
1476	4974
1492	4977
1505	4979
1516	4982
1510	4984
1499	4986
1505	4989
1516	4992
1516	4995
1504	4997
1499	4999
1505	5002
1519	5004
1533	5006
1528	5009
1520	5011
1509	5014
1501	5016
1497	5018
1497	5021
1508	5023
1534	5026
1528	5028
1522	5030
1516	5033
1505	5036
1493	5039
1484	5041
1489	5043
1499	5046
1508	5048
1507	5051
1507	5053
1499	5055
1493	5058
1493	5060
1500	5063
1524	5065
1534	5067
1540	5070
1531	5072
1526	5075
1535	5078
1555	5080
1561	5083
1555	5085
1544	5087
1534	5090
1524	5092
1509	5095
1500	5097
1499	5099
1505	5102
1505	5104
1506	5107
1506	5109
1500	5111
1498	5114
1480	5116
1475	5120
1485	5122
1499	5124
1519	5127
1517	5129
1509	5132
1506	5134
1510	5136
1505	5139
1513	5141
1535	5144
1555	5146
1541	5148
1512	5151
1485	5153
1476	5156
1484	5158
1495	5160
1508	5164
1500	5166
1493	5168
1496	5171
1510	5173
1495	5176
1490	5178
1498	5180
1500	5183
1508	5185
1515	5188
1524	5190
1513	5192
1520	5195
1528	5197
1529	5200
1521	5202
1500	5204
1496	5208
1486	5210
1481	5213
1492	5215
1497	5217
1489	5220
1499	5222
1496	5225
1494	5227
1506	5229
1523	5232
1522	5234
1508	5237
1503	5239
1524	5241
1535	5244
1519	5246
1504	5249
1502	5252
1495	5254
1493	5257
1501	5259
1504	5261
1494	5264
1489	5266
1492	5269
1499	5271
1515	5273
1537	5276
1534	5278
1522	5281
1512	5283
1506	5285
1507	5288
1520	5291
1506	5294
1494	5296
1492	5298
1493	5301
1487	5303
1475	5306
1476	5308
1497	5310
1524	5313
1554	5315
1539	5318
1515	5320
1502	5322
1490	5325
1492	5327
1493	5329
1498	5332
1516	5335
1512	5338
1502	5340
1499	5342
1494	5345
1502	5347
1506	5350
1500	5352
1496	5354
1495	5357
1492	5359
1490	5362
1494	5364
1495	5366
1495	5369
1494	5371
1503	5374
1509	5377
1492	5379
1483	5382
1483	5384
1480	5387
1491	5389
1508	5391
1521	5394
1512	5396
1493	5399
1486	5401
1492	5403
1518	5406
1548	5408
1559	5410
1542	5413
1522	5415
1507	5419
1503	5421
1498	5423
1505	5426
1499	5428
1495	5431
1494	5433
1512	5435
1519	5438
1511	5440
1506	5443
1492	5445
1490	5447
1501	5450
1513	5452
1514	5455
1513	5457
1516	5459
1531	5463
1544	5465
1545	5468
1523	5470
1508	5472
1508	5475
1509	5477
1519	5480
1515	5482
1512	5484
1515	5487
1512	5489
1503	5491
1513	5494
1520	5496
1525	5499
1528	5501
1533	5504
1538	5507
1524	5509
1504	5512
1489	5514
1488	5516
1503	5519
1536	5521
1557	5524
1546	5526
1518	5528
1502	5531
1499	5533
1496	5536
1468	5538
1458	5540
1465	5543
1471	5545
1489	5549
1496	5551
1496	5553
1500	5556
1499	5558
1512	5561
1527	5563
1521	5565
1506	5568
1487	5570
1480	5572
1484	5575
1503	5577
1503	5580
1493	5582
1490	5584
1501	5587
1522	5590
1542	5593
1538	5595
1516	5597
1510	5600
1517	5602
1534	5605
1557	5607
1566	5609
1535	5612
1510	5614
1496	5617
1494	5619
1496	5621
1503	5624
1514	5626
1521	5629
1521	5632
1511	5634
1507	5637
1499	5639
1500	5642
1520	5644
1539	5646
1527	5649
1515	5651
1505	5653
1496	5656
1488	5658
1488	5661
1500	5663
1515	5665
1515	5668
1512	5670
1510	5673
1520	5676
1543	5678
1547	5681
1530	5683
1502	5686
1495	5688
1490	5690
1489	5693
1496	5695
1503	5698
1509	5700
1511	5702
1516	5705
1546	5707
1570	5710
1569	5712
1538	5714
1510	5718
1492	5720
1479	5723
1463	5725
1476	5727
1498	5730
1504	5732
1505	5734
1493	5737
1485	5739
1483	5742
1495	5744
1512	5746
1503	5749
1492	5751
1492	5754
1509	5756
1529	5758
1546	5762
1534	5764
1518	5767
1505	5769
1484	5771
1472	5774
1467	5776
1470	5779
1485	5781
1509	5783
1515	5786
1511	5788
1494	5791
1487	5793
1483	5795
1491	5798
1518	5800
1539	5804
1546	5806
1546	5808
1530	5811
1515	5813
1512	5816
1511	5818
1507	5820
1502	5823
1497	5825
1500	5827
1501	5830
1500	5832
1508	5835
1500	5837
1480	5839
1472	5842
1474	5844
1487	5848
1492	5850
1493	5852
1491	5855
1497	5857
1502	5860
1506	5862
1512	5864
1524	5867
1541	5869
1574	5872
1587	5874
1566	5876
1524	5879
1497	5881
1487	5884
1486	5886
1497	5889
1526	5892
1537	5894
1520	5897
1501	5899
1497	5901
1492	5904
1486	5906
1488	5908
1495	5911
1494	5913
1491	5916
1491	5918
1498	5920
1505	5923
1513	5925
1512	5928
1528	5931
1534	5933
1515	5936
1498	5938
1506	5941
1525	5943
1530	5945
1501	5948
1490	5950
1487	5953
1492	5955
1499	5957
1504	5960
1499	5962
1499	5965
1527	5967
1544	5969
1539	5972
1524	5975
1499	5978
1487	5980
1487	5982
1498	5985
1525	5987
1536	5989
1518	5992
1506	5994
1494	5997
1478	5999
1467	6001
1474	6004
1477	6006
1482	6009
1491	6011
1509	6013
1509	6017
1500	6019
1488	6022
1478	6024
1497	6026
1520	6029
1538	6031
1535	6034
1519	6036
1511	6038
1510	6041
1509	6043
1521	6046
1534	6048
1532	6050
1542	6053
1547	6055
1536	6059
1504	6061
1483	6063
1479	6066
1477	6068
1487	6070
1506	6073
1511	6075
1509	6078
1508	6080
1506	6082
1493	6085
1483	6087
1493	6090
1509	6092
1518	6094
1522	6097
1517	6099
1509	6103
1503	6105
1495	6107
1506	6110
1511	6112
1518	6115
1523	6117
1518	6119
1504	6122
1493	6124
1481	6127
1470	6129
1471	6131
1487	6134
1501	6136
1515	6139
1532	6141
1533	6144
1527	6147
1506	6149
1503	6151
1508	6154
1520	6156
1545	6159
1551	6161
1526	6163
1497	6166
1485	6168
1491	6171
1511	6173
1526	6175
1531	6178
1526	6180
1529	6183
1538	6185
1546	6188
1547	6191
1537	6193
1525	6196
1526	6198
1518	6200
1508	6203
1503	6205
1508	6208
1505	6210
1501	6212
1480	6215
1470	6217
1470	6220
1475	6222
1482	6224
1504	6227
1532	6230
1533	6232
1520	6235
1524	6237
1521	6240
1515	6242
1517	6244
1524	6247
1526	6249
1522	6252
1517	6254
1524	6256
1528	6259
1524	6261
1526	6264
1527	6266
1522	6268
1510	6272
1505	6274
1501	6277
1523	6279
1543	6281
1535	6284
1517	6286
1495	6289
1491	6291
1504	6293
1530	6296
1541	6298
1529	6301
1503	6303
1505	6305
1524	6308
1532	6310
1521	6313
1514	6316
1504	6318
1507	6321
1511	6323
1525	6325
1525	6328
1517	6330
1493	6333
1491	6335
1499	6337
1510	6340
1528	6342
1527	6345
1526	6347
1530	6349
1524	6352
1525	6354
1511	6358
1503	6360
1498	6362
1499	6365
1522	6367
1542	6370
1551	6372
1519	6374
1508	6377
1506	6379
1501	6382
1486	6384
1471	6386
1468	6389
1466	6391
1475	6394
1501	6396
1522	6398
1528	6402
1520	6404
1521	6407
1516	6409
1503	6411
1485	6414
1477	6416
1493	6418
1529	6421
1542	6423
1528	6426
1493	6428
1484	6430
1487	6433
1499	6435
1514	6438
1511	6440
1506	6443
1494	6446
1488	6448
1502	6451
1520	6453
1517	6455
1513	6458
1510	6460
1508	6463
1508	6465
1512	6467
1509	6470
1501	6472
1507	6475
1505	6477
1495	6479
1483	6482
1480	6484
1489	6488
1501	6490
1503	6492
1505	6495
1528	6497
1558	6499
1578	6502
1551	6504
1508	6507
1494	6509
1492	6511
1491	6514
1485	6516
1482	6519
1480	6521
1474	6523
1475	6526
1491	6529
1510	6532
1516	6534
1502	6536
1491	6539
1499	6541
1506	6544
1513	6546
1517	6548
1506	6551
1500	6553
1505	6556
1516	6558
1523	6560
1521	6563
1508	6565
1494	6568
1478	6571
1481	6573
1496	6576
1509	6578
1512	6580
1506	6583
1494	6585
1489	6588
1502	6590
1511	6592
1516	6595
1510	6597
1500	6600
1495	6602
1505	6604
1520	6607
1528	6609
1531	6612
1517	6615
1515	6617
1509	6620
1503	6622
1502	6625
1504	6627
1501	6629
1494	6632
1498	6634
1507	6637
1501	6639
1489	6641
1492	6644
1508	6646
1507	6649
1510	6651
1515	6653
1517	6657
1525	6659
1539	6661
1545	6664
1541	6666
1540	6669
1539	6671
1530	6673
1514	6676
1497	6678
1483	6681
1482	6683
1491	6685
1507	6688
1540	6690
1549	6693
1540	6695
1516	6697
1501	6701
1493	6703
1497	6706
1513	6708
1540	6710
1537	6713
1513	6715
1502	6718
1504	6720
1502	6722
1503	6725
1525	6727
1561	6730
1583	6732
1571	6734
1545	6737
1512	6739
1484	6743
1473	6745
1477	6747
1499	6750
1533	6752
1559	6754
1568	6757
1567	6759
1537	6762
1509	6764
1502	6766
1510	6769
1531	6771
1546	6774
1538	6776
1516	6778
1500	6781
1495	6784
1491	6787
1494	6789
1509	6791
1524	6794
1528	6796
1513	6799
1518	6801
1519	6803
1512	6806
1500	6808
1496	6811
1505	6813
1508	6815
1498	6818
1502	6820
1510	6823
1499	6825
1491	6828
1497	6831
1512	6833
1524	6835
1518	6838
1509	6840
1520	6843
1534	6845
1529	6847
1507	6850
1496	6852
1509	6855
1526	6857
1539	6859
1537	6862
1523	6864
1509	6867
1503	6870
1512	6872
1522	6875
1513	6877
1494	6880
1482	6882
1479	6884
1492	6887
1511	6889
1522	6892
1525	6894
1529	6896
1540	6899
1542	6901
1543	6904
1525	6906
1510	6908
1508	6912
1522	6914
1544	6916
1544	6919
1530	6921
1524	6924
1521	6926
1509	6928
1510	6931
1519	6933
1520	6936
1524	6938
1506	6940
1495	6943
1493	6945
1493	6948
1512	6950
1531	6952
1504	6956
1478	6958
1469	6961
1466	6963
1464	6965
1463	6968
1482	6970
1493	6973
1488	6975
1480	6977
1487	6980
1487	6982
1469	6985
1468	6987
1479	6989
1518	6992
1521	6994
1496	6996
1463	7000
1442	7002
1420	7005
1411	7007
1406	7009
1407	7012
1421	7014
1425	7017
1429	7019
1441	7021
1444	7024
1433	7026
1400	7029
1391	7031
1389	7033
1382	7036
1383	7038
1390	7042
1398	7044
1407	7046
1412	7049
1406	7051
1403	7054
1414	7056
1436	7058
1450	7061
1432	7063
1416	7066
1405	7068
1408	7070
1430	7073
1454	7075
1488	7077
1498	7080
1493	7083
1495	7086
1499	7088
1505	7090
1503	7093
1487	7095
1496	7098
1508	7100
1491	7102
1476	7105
1464	7107
1462	7110
1455	7112
1453	7114
1461	7117
1463	7119
1470	7122
1477	7124
1490	7127
1495	7130
1490	7132
1490	7135
1506	7137
1524	7139
1529	7142
1527	7144
1539	7147
1536	7149
1523	7151
1515	7154
1517	7156
1531	7158
1548	7161
1537	7163
1518	7166
1512	7169
1521	7171
1535	7174
1549	7176
1554	7179
1567	7181
1586	7183
1578	7186
1551	7188
1519	7191
1496	7193
1483	7195
1486	7198
1492	7200
1495	7203
1520	7205
1542	7207
1541	7211
1517	7213
1501	7216
1496	7218
1497	7220
1507	7223
1516	7225
1520	7228
1509	7230
1527	7232
1549	7235
1536	7237
1515	7239
1497	7242
1500	7244
1519	7247
1535	7249
1536	7251
1535	7255
1551	7257
1566	7260
1549	7262
1535	7264
1539	7267
1534	7269
1523	7272
1516	7274
1529	7276
1537	7279
1539	7281
1541	7284
1541	7286
1535	7288
1521	7291
1502	7293
1499	7297
1508	7299
1526	7301
1547	7304
1568	7306
1564	7309
1546	7311
1521	7313
1511	7316
1511	7318
1526	7320
1543	7323
1550	7325
1558	7328
1574	7330
1565	7332
1540	7335
1530	7337
1535	7341
1541	7343
1539	7345
1523	7348
1516	7350
1513	7353
1516	7355
1522	7357
1522	7360
1541	7362
1556	7365
1563	7367
1564	7369
1552	7372
1536	7374
1528	7377
1535	7379
1548	7382
1565	7385
1560	7387
1542	7390
1537	7392
1536	7394
1544	7397
1561	7399
1573	7401
1578	7404
1566	7406
1555	7409
1530	7411
1522	7413
1537	7416
1546	7418
1534	7421
1524	7424
1544	7426
1556	7429
1541	7431
1534	7434
1541	7436
1545	7438
1543	7441
1531	7443
1531	7446
1540	7448
1541	7450
1548	7453
1559	7455
1573	7458
1565	7460
1553	7462
1553	7465
1540	7468
1526	7471
1521	7473
1522	7475
1539	7478
1564	7480
1557	7483
1543	7485
1544	7487
1542	7490
1545	7492
1550	7494
1538	7497
1538	7499
1547	7502
1549	7504
1548	7506
1537	7510
1525	7512
1524	7515
1519	7517
1513	7519
1510	7522
1512	7524
1521	7527
1543	7529
1560	7531
1577	7534
1604	7536
1577	7539
1547	7541
1527	7543
1517	7546
1509	7548
1502	7552
1501	7554
1516	7556
1551	7559
1551	7561
1532	7564
1523	7566
1544	7568
1548	7571
1540	7573
1538	7576
1535	7578
1551	7580
1570	7583
1552	7585
1526	7588
1497	7590
1479	7592
1467	7596
1477	7598
1487	7600
1488	7603
1489	7605
1493	7608
1495	7610
1499	7612
1508	7615
1506	7617
1507	7620
1528	7622
1560	7624
1579	7627
1565	7629
1524	7632
1508	7634
1506	7636
1499	7640
1487	7642
1477	7645
1477	7647
1479	7649
1472	7652
1464	7654
1467	7657
1474	7659
1475	7661
1479	7664
1486	7666
1501	7669
1512	7671
1514	7673
1508	7676
1525	7678
1530	7681
1518	7684
1504	7686
1507	7689
1528	7691
1523	7693
1511	7696
1494	7698
1501	7701
1516	7703
1514	7705
1513	7708
1501	7710
1490	7713
1486	7715
1487	7717
1493	7720
1505	7723
1513	7726
1518	7728
1510	7730
1490	7733
1491	7735
1508	7738
1500	7740
1493	7742
1493	7745
1495	7747
1507	7750
1528	7752
1541	7754
1539	7757
1530	7759
1518	7761
1505	7764
1500	7767
1504	7770
1505	7772
1515	7774
1524	7777
1524	7779
1524	7782
1509	7784
1494	7786
1498	7789
1508	7791
1513	7794
1510	7796
1514	7798
1523	7801
1525	7803
1505	7806
1498	7809
1506	7811
1502	7814
1504	7816
1508	7819
1503	7821
1492	7823
1503	7826
1518	7828
1515	7831
1496	7833
1488	7835
1497	7838
1517	7840
1542	7842
1565	7845
1567	7847
1547	7851
1520	7853
1514	7855
1550	7858
1561	7860
1568	7863
1553	7865
1523	7867
1506	7870
1491	7872
1486	7875
1486	7877
1493	7879
1502	7882
1502	7884
1504	7887
1516	7889
1539	7891
1543	7895
1526	7897
1518	7900
1516	7902
1518	7904
1512	7907
1504	7909
1501	7912
1499	7914
1510	7916
1522	7919
1534	7921
1538	7923
1514	7926
1490	7928
1478	7931
1482	7933
1489	7936
1495	7939
1484	7941
1476	7944
1493	7946
1502	7948
1502	7951
1505	7953
1504	7956
1499	7958
1513	7960
1523	7963
1531	7965
1525	7968
1534	7970
1576	7972
1581	7975
1566	7977
1571	7981
1559	7983
1543	7985
1528	7988
1518	7990
1517	7993
1523	7995
1535	7997
1545	8000
1549	8002
1547	8005
1545	8007
1538	8009
1533	8012
1519	8014
1510	8016
1503	8019
1510	8022
1510	8025
1508	8027
1501	8029
1518	8032
1527	8034
1515	8037
1510	8039
1508	8041
1514	8044
1521	8046
1537	8049
1536	8051
1521	8053
1511	8056
1510	8058
1526	8061
1543	8064
1571	8066
1554	8069
1538	8071
1544	8074
1563	8076
1574	8078
1562	8081
1544	8083
1523	8086
1526	8088
1546	8090
1552	8093
1533	8095
1496	8097
1480	8100
1480	8102
1485	8105
1492	8108
1509	8110
1512	8113
1514	8115
1516	8118
1521	8120
1515	8122
1500	8125
1502	8127
1511	8130
1518	8132
1511	8134
1491	8137
1496	8139
1505	8142
1502	8144
1501	8146
1515	8150
1537	8152
1539	8155
1536	8157
1528	8159
1504	8162
1485	8164
1476	8167
1469	8169
1468	8171
1484	8174
1519	8176
1541	8178
1550	8181
1533	8183
1500	8186
1480	8188
1475	8190
1477	8194
1483	8196
1488	8199
1514	8201
1534	8203
1508	8206
1494	8208
1492	8211
1504	8213
1517	8215
1553	8218
1588	8220
1580	8223
1570	8225
1550	8227
1506	8230
1482	8232
1474	8236
1478	8238
1491	8240
1486	8243
1487	8245
1490	8248
1504	8250
1517	8252
1509	8255
1493	8257
1498	8259
1513	8262
1515	8264
1509	8267
1493	8269
1513	8271
1552	8274
1558	8276
1521	8280
1471	8282
1454	8284
1450	8287
1449	8289
1451	8292
1459	8294
1467	8296
1473	8299
1490	8301
1499	8304
1493	8306
1481	8308
1471	8311
1487	8313
1509	8316
1519	8318
1501	8321
1474	8324
1461	8326
1482	8329
1532	8331
1539	8333
1510	8336
1491	8338
1497	8340
1507	8343
1504	8345
1493	8348
1486	8350
1487	8352
1504	8355
1528	8357
1506	8360
1493	8363
1502	8365
1493	8368
1476	8370
1470	8373
1475	8375
1486	8377
1483	8380
1470	8382
1475	8385
1480	8387
1493	8389
1494	8392
1487	8394
1475	8397
1475	8399
1486	8401
1491	8404
1470	8407
1457	8410
1458	8412
1476	8414
1505	8417
1542	8419
1565	8421
1558	8424
1537	8426
1503	8429
1491	8431
1484	8433
1471	8436
1476	8438
1496	8441
1509	8443
1525	8445
1524	8449
1512	8451
1505	8454
1491	8456
1477	8458
1473	8461
1481	8463
1503	8466
1527	8468
1531	8470
1518	8473
1489	8475
1478	8478
1473	8480
1474	8482
1482	8485
1494	8487
1515	8491
1532	8493
1531	8495
1528	8498
1534	8500
1547	8502
1534	8505
1515	8507
1495	8510
1487	8512
1497	8514
1515	8517
1544	8519
1567	8522
1543	8524
1516	8526
1491	8529
1472	8531
1465	8535
1470	8537
1481	8539
1489	8542
1502	8544
1511	8547
1507	8549
1481	8551
1468	8554
1485	8556
1532	8559
1587	8561
1574	8563
1542	8566
1506	8568
1490	8571
1477	8573
1471	8576
1473	8579
1488	8581
1512	8583
1522	8586
1505	8588
1485	8591
1474	8593
1477	8595
1489	8598
1504	8600
1506	8603
1511	8605
1528	8607
1560	8610
1553	8612
1538	8615
1514	8617
1507	8620
1507	8623
1513	8625
1528	8628
1517	8630
1489	8632
1484	8635
1493	8637
1517	8640
1530	8642
1526	8644
1521	8647
1510	8649
1503	8652
1500	8654
1503	8656
1500	8659
1493	8662
1499	8664
1519	8667
1534	8669
1539	8672
1529	8674
1516	8676
1512	8679
1524	8681
1537	8684
1552	8686
1541	8688
1523	8691
1503	8693
1498	8696
1506	8698
1504	8700
1493	8704
1491	8706
1500	8709
1513	8711
1523	8713
1510	8716
1500	8718
1505	8721
1505	8723
1498	8725
1498	8728
1502	8730
1505	8732
1514	8735
1520	8737
1527	8740
1518	8742
1515	8744
1519	8748
1517	8750
1527	8753
1520	8755
1501	8757
1485	8760
1474	8762
1478	8765
1491	8767
1507	8769
1523	8772
1523	8774
1513	8777
1511	8779
1506	8781
1508	8784
1513	8786
1516	8790
1519	8792
1522	8794
1512	8797
1517	8799
1521	8802
1515	8804
1504	8806
1508	8809
1515	8811
1524	8813
1527	8816
1507	8818
1487	8821
1482	8823
1489	8825
1500	8828
1506	8830
1507	8834
1502	8836
1488	8838
1484	8841
1490	8843
1486	8846
1480	8848
1487	8850
1502	8853
1511	8855
1510	8858
1506	8860
1500	8862
1501	8865
1525	8867
1536	8870
1519	8872
1503	8875
1491	8878
1503	8880
1505	8883
1493	8885
1486	8887
1497	8890
1512	8892
1517	8894
1532	8897
1540	8899
1521	8902
1522	8904
1534	8906
1541	8909
1527	8911
1512	8914
1491	8916
1484	8919
1483	8922
1483	8924
1488	8927
1494	8929
1506	8931
1511	8934
1509	8936
1508	8939
1512	8941
1509	8943
1509	8946
1521	8948
1531	8951
1528	8953
1518	8955
1522	8958
1518	8961
1519	8964
1533	8966
1524	8968
1524	8971
1533	8973
1532	8976
1529	8978
1525	8980
1521	8983
1516	8985
1509	8987
1511	8990
1512	8992
1504	8995
1500	8997
1500	8999
1501	9003
1501	9005
1492	9008
1491	9010
1491	9012
1491	9015
1497	9017
1504	9020
1510	9022
1517	9024
1507	9027
1496	9029
1498	9032
1513	9034
1535	9036
1551	9039
1550	9041
1534	9044
1522	9047
1515	9049
1516	9052
1516	9054
1513	9057
1510	9059
1526	9061
1542	9064
1535	9066
1523	9068
1503	9071
1498	9073
1514	9076
1522	9078
1505	9080
1491	9083
1490	9085
1497	9089
1508	9091
1514	9093
1511	9096
1509	9098
1503	9101
1503	9103
1502	9105
1500	9108
1501	9110
1510	9113
1504	9115
1508	9117
1524	9120
1534	9122
1547	9125
1545	9127
1526	9129
1523	9133
1541	9135
1560	9138
1573	9140
1568	9142
1559	9145
1535	9147
1530	9149
1523	9152
1503	9154
1495	9157
1489	9159
1498	9161
1517	9164
1522	9166
1517	9169
1515	9171
1519	9174
1519	9177
1511	9179
1495	9182
1487	9184
1481	9186
1475	9189
1486	9191
1510	9194
1554	9196
1582	9198
1568	9201
1546	9203
1505	9206
1490	9208
1501	9210
1507	9213
1521	9216
1528	9219
1524	9221
1524	9223
1521	9226
1517	9228
1504	9230
1496	9233
1485	9235
1494	9238
1518	9240
1519	9242
1500	9245
1480	9247
1469	9250
1470	9252
1464	9254
1461	9257
1473	9260
1492	9263
1533	9265
1565	9267
1538	9270
1516	9272
1499	9275
1489	9277
1479	9279
1479	9282
1485	9284
1487	9287
1489	9289
1487	9291
1485	9294
1489	9296
1501	9299
1515	9302
1541	9304
1539	9307
1523	9309
1508	9311
1499	9314
1493	9316
1499	9319
1505	9321
1500	9323
1491	9326
1502	9328
1515	9331
1506	9333
1499	9335
1495	9338
1496	9340
1491	9344
1487	9346
1486	9348
1491	9351
1503	9353
1505	9356
1498	9358
1502	9360
1516	9363
1513	9365
1509	9368
1515	9370
1522	9372
1532	9375
1522	9377
1500	9380
1500	9382
1506	9384
1508	9388
1499	9390
1497	9392
1498	9395
1496	9397
1486	9400
1486	9402
1499	9404
1504	9407
1500	9409
1492	9412
1487	9414
1505	9416
1539	9419
1542	9421
1525	9424
1508	9426
1491	9428
1498	9432
1500	9434
1498	9437
1493	9439
1489	9441
1492	9444
1487	9446
1474	9449
1472	9451
1475	9453
1473	9456
1481	9458
1500	9461
1513	9463
1523	9465
1525	9468
1522	9470
1524	9474
1531	9476
1541	9478
1530	9481
1521	9483
1513	9485
1506	9488
1502	9490
1500	9493
1503	9495
1503	9497
1496	9500
1489	9502
1487	9505
1486	9507
1486	9509
1486	9512
1489	9515
1496	9518
1507	9520
1516	9522
1515	9525
1509	9527
1508	9530
1519	9532
1534	9534
1554	9537
1548	9539
1525	9542
1515	9544
1524	9546
1516	9549
1503	9551
1493	9554
1489	9556
1491	9559
1493	9562
1498	9564
1510	9567
1523	9569
1524	9571
1510	9574
1500	9576
1497	9578
1496	9581
1510	9583
1535	9586
1547	9588
1525	9590
1503	9593
1482	9595
1472	9598
1468	9601
1467	9603
1471	9606
1486	9608
1496	9611
1492	9613
1497	9615
1503	9618
1512	9620
1522	9623
1561	9625
1577	9627
1547	9630
1529	9632
1508	9635
1494	9637
1488	9639
1481	9643
1482	9645
1497	9648
1508	9650
1506	9652
1502	9655
1492	9657
1487	9660
1486	9662
1484	9664
1480	9667
1482	9669
1493	9671
1511	9674
1522	9676
1531	9679
1517	9681
1480	9683
1460	9687
1457	9689
1465	9692
1480	9694
1500	9696
1513	9699
1539	9701
1558	9704
1548	9706
1535	9708
1532	9711
1533	9713
1536	9716
1546	9718
1547	9720
1535	9723
1521	9725
1517	9729
1512	9731
1519	9733
1536	9736
1529	9738
1505	9741
1497	9743
1502	9745
1502	9748
1491	9750
1486	9752
1492	9755
1494	9757
1497	9760
1496	9762
1496	9764
1498	9767
1510	9769
1519	9773
1526	9775
1521	9777
1519	9780
1531	9782
1545	9785
1537	9787
1508	9789
1489	9792
1483	9794
1491	9797
1511	9799
1512	9801
1516	9804
1529	9806
1550	9809
1553	9811
1532	9814
1522	9817
1528	9819
1528	9822
1519	9824
1503	9826
1496	9829
1496	9831
1497	9833
1501	9836
1514	9838
1522	9841
1520	9843
1501	9845
1492	9848
1494	9850
1502	9853
1508	9856
1502	9858
1505	9861
1509	9863
1513	9866
1527	9868
1553	9870
1554	9873
1532	9875
1511	9878
1504	9880
1497	9882
1494	9885
1496	9887
1504	9890
1509	9892
1504	9894
1497	9897
1513	9900
1534	9903
1540	9905
1523	9907
1502	9910
1494	9912
1488	9914
1486	9917
1484	9919
1485	9922
1506	9924
1537	9926
1564	9929
1568	9931
1559	9934
1529	9936
1496	9938
1483	9942
1491	9944
1521	9947
1543	9949
1536	9951
1509	9954
1495	9956
1480	9959
1482	9961
1489	9963
1486	9966
1478	9968
1479	9971
1487	9973
1495	9975
1502	9978
1513	9980
1525	9984
1518	9986
1511	9988
1502	9991
1503	9993
1505	9996
1518	9998
1523	10000
1518	10003
1518	10005
1525	10008
1527	10010
1516	10013
1496	10015
1494	10017
1512	10020
1557	10022
1578	10025
1563	10028
1554	10031
1556	10033
1573	10036
1563	10038
1546	10040
1513	10043
1491	10045
1485	10048
1488	10050
1487	10053
1487	10055
1484	10058
1492	10060
1489	10062
1487	10065
1485	10067
1483	10071
1480	10073
1486	10076
1497	10078
1509	10081
1510	10083
1523	10085
1516	10088
1516	10090
1519	10093
1516	10095
1512	10098
1517	10100
1515	10103
1498	10105
1493	10107
1500	10110
1507	10113
1523	10116
1529	10118
1547	10121
1559	10123
1540	10125
1531	10128
1514	10130
1516	10133
1519	10135
1512	10138
1501	10140
1494	10143
1492	10145
1492	10148
1487	10150
1484	10152
1491	10156
1502	10158
1504	10161
1506	10163
1508	10166
1507	10168
1504	10171
1502	10173
1501	10175
1508	10178
1513	10180
1511	10183
1516	10185
1521	10188
1523	10190
1531	10193
1528	10195
1503	10198
1490	10201
1499	10203
1510	10206
1513	10208
1489	10211
1487	10213
1496	10216
1501	10218
1506	10220
1527	10223
1551	10225
1551	10228
1526	10230
1500	10233
1491	10235
1482	10238
1479	10241
1477	10243
1471	10246
1472	10248
1477	10251
1489	10253
1513	10256
1516	10258
1508	10261
1503	10263
1501	10265
1499	10268
1514	10270
1533	10273
1526	10275
1508	10278
1504	10280
1509	10284
1514	10286
1511	10288
1510	10291
1505	10293
1503	10296
1513	10298
1529	10301
1534	10303
1528	10306
1523	10308
1503	10310
1491	10313
1482	10315
1486	10318
1508	10320
1527	10323
1541	10326
1532	10329
1527	10331
1526	10333
1545	10336
1564	10338
1548	10341
1531	10343
1516	10346
1514	10348
1521	10351
1517	10353
1510	10355
1517	10358
1532	10360
1539	10363
1527	10365
1509	10369
1510	10371
1520	10374
1534	10376
1534	10378
1524	10381
1522	10383
1532	10386
1525	10388
1519	10391
1498	10393
1485	10396
1489	10398
1490	10400
1485	10403
1492	10405
1507	10408
1512	10411
1500	10414
1491	10416
1486	10419
1488	10421
1496	10423
1511	10426
1523	10428
1513	10431
1502	10433
1516	10436
1543	10438
1545	10441
1529	10443
1513	10445
1508	10448
1508	10450
1496	10454
1495	10456
1496	10459
1501	10461
1513	10464
1511	10466
1495	10468
1489	10471
1487	10473
1485	10476
1487	10478
1491	10481
1491	10483
1499	10486
1511	10488
1512	10490
1510	10493
1517	10496
1519	10499
1518	10501
1520	10504
1522	10506
1524	10509
1524	10511
1521	10513
1515	10516
1509	10518
1526	10521
1546	10523
1551	10526
1535	10528
1533	10531
1532	10533
1528	10535
1517	10539
1501	10541
1492	10544
1490	10546
1486	10549
1486	10551
1487	10554
1496	10556
1513	10558
1521	10561
1523	10563
1522	10566
1521	10568
1511	10571
1504	10573
1503	10576
1507	10578
1505	10580
1512	10584
1513	10586
1515	10589
1517	10591
1518	10594
1524	10596
1520	10599
1525	10601
1537	10603
1550	10606
1554	10608
1547	10611
1538	10613
1525	10616
1523	10618
1535	10621
1528	10624
1518	10626
1507	10629
1503	10631
1508	10634
1524	10636
1521	10639
1509	10641
1498	10644
1493	10646
1496	10648
1499	10651
1500	10653
1502	10656
1505	10658
1507	10661
1521	10663
1529	10667
1514	10669
1507	10671
1513	10674
1525	10676
1530	10679
1527	10681
1513	10684
1508	10686
1507	10689
1503	10691
1509	10693
1537	10696
1537	10698
1515	10701
1507	10703
1521	10706
1533	10708
1527	10712
1499	10714
1493	10716
1491	10719
1493	10721
1503	10724
1518	10726
1531	10729
1545	10731
1567	10734
1576	10736
1567	10738
1537	10741
1512	10743
1502	10746
1495	10748
1495	10752
1500	10754
1501	10757
1496	10759
1492	10762
1490	10764
1497	10766
1505	10769
1509	10771
1494	10774
1484	10776
1481	10779
1497	10781
1518	10784
1523	10786
1520	10788
1512	10791
1513	10793
1518	10797
1526	10799
1519	10802
1507	10804
1500	10807
1507	10809
1511	10811
1505	10814
1512	10816
1518	10819
1535	10821
1550	10824
1535	10826
1525	10829
1521	10831
1512	10833
1508	10836
1503	10839
1503	10842
1501	10844
1506	10847
1506	10849
1501	10852
1494	10854
1494	10856
1497	10859
1506	10861
1516	10864
1518	10866
1515	10869
1524	10871
1540	10874
1538	10876